111 811111118811.

1111111 viii, 81

1111118111 111, w

1118111 111, 47

’1118111111 11, 78

1111111111, 88

'buhen 1111, 87

1111111 11, 8. 1, 78

111811, 88

uranu 11,8

1111111111 1111, 78

1111111111, 88. 88. 1, 88
Trahunt i, 188

1111111 prinecps 1, 84
1111111111, 8

11111111117
111111111111111111,18
1111111111111111, 48
111111118111181 111, 87
’11111111 111, 87

'rmum 1111, 8

’1111183111 1, 88

11111131 111, 181

ramum 1, 78
’111111111184

1111111111 1, 71

11111111 11, 88

vind} 1, 5⁹· 111 ῙΜ

’1111111 11, 84. 1, 14. 111, 88
1111111811 11111111 11, 81
ΤῘΙΝΙΠ111818Χ11160
111111111818178
11111881111 11, 88 8111111188
11111881τὶ111 ambulaturi, 48
’1111111111 1, 14. 11188
11111111 1111111 1111, 88 ’111111111111 111,
11111111 1,14

11118111 11, 88

1118111 11111181 1, 71
Trebulani 11111 1111, 88
’1111111ιί181

’11111111 11111111 111, 88 nummi 111, 78
1111111111 11, 87 11111811 11, 88
11111111111, 88

Treruebnudun 11, 88
‘fremensque 11,1

nemra 1111111 11, 88 mollitio 1111, 84
1111111111 vrri, 88

rimor r, 88

Tremorque 1, 84

11111111 docili ν, 78

’11111111 11111 111, 88 1111 1, 88
Tremulus 111111 111, 74
1111111111 111, 88

’11111111 tribuli ir, 88
1111111111 111, 888 11111111,71
1111111111 1, 81

Trepidi 111111 111, 88

’1111 1111111111, 18 niundon 111, 18 nr·

18111, 84 11118111 11, 48

111111 1, 88

Τ111 11, 84

Tribnduru vii, 78

Tribus 111, 87. 78

11181111 1111, 84

1118111111 11, 8

1118111111, 184. 1, 84. 111, 8

’1118111111 1111, 87. 111, 88

111811111, 8. 111, 18. 88. 11, 81. 11,18.
11. 88. 88. 88

’1118111 1111111111, 88

111811111111111 11, 88

Tribuni ii, 48

1111111111 1111 11, 88

’118111111888

Tribuni 11, 8 1111111 11, 88

’1118111ιὶ111 11111111, 88

Tribuni» 11, 88

1118111111ἱῖ, 88

Tribur Lutin viii, 18

Tribuni, 7811111 rito 11111111 1, 84 eu·
perri· 11, 18 denarii· 11, 181 118111
minor 1, 87 lustru 1, 88 nuti· 11, 88
11111111 11, 48

11181111 111, 88

Tricurquu 111, 1

’1111111 1, 44

’11111111 11111111 x, 87

’1111111111 111, 88

’11111111111111 11, i

1111111 ir, 87. 1111, 48

Triclinia 111111 1, 18

1111111111 111, 88

11181111 aequure 1, 84

1111111118

1111111 1111, 81 denuo 11, 88 nigro ir, 81

11111111 summurn ir, 88

’11111111 11, 48 Arnetlryrtinur 11, 48 111-
81011, 187 denti 11, 88 (1111111111 11,
8 1111111,18 11111111 111, 188

1111111181 8111111111 11, 88 nunu 1, 88
plenu 11, 88 [1111111888

Trifolinum xiii, 114

Trige-im· 111111 1, 188

183111111818

'liigintn Decembres iii, 88 (11181111, 84
epigrammata rii, 81 munera 111, 88
1111111111811181·

8

Trigunu tepidum iv, 18

Trigone nudo 111, 78

Τ ’ onern tepidum 111, 88

Tri ’111 111111111ιί1, 148

’1111111187

1111111111,78

Τ1111111111110111111111 111, 77

Triones Hyperboreor 11, 48 0811811111,
88 1111811181 11, 88’

Tripeu gnbutuu 111, 88

1111811111 cairam 11, 74

 

