111111 · 11111

1111111180 11111111 1111111118 8111111811. 1111011
longn 11118 permensa 11, 80 111111 Sallustius 111, 181
817 1111111111 11,1 811111111180 Α
81111188 ,· 811111, 88. 1,108. 111, 88 Celtibe}
8111111119 , 11,Ξο
8111818. 1188 (1111111111818 81111111111111178
,1111111417 8111111111,18 libido 8111111180
11,0 1111111111, 17, mimula 128 81111111,101’111111111,80
111111111186 111188 regnam 811111111118 ,
11118 suspendia i, 110 11111188 Salonis rigidi xii, 81 tetrici 1118
1111111111. 178. 1, 10 81111 m iii, 11
81111111 1, 80 811111 11111111, 81
Sumque 11, 15 81111111, 7
&vu 111118 7 2 8111111 1, 88
Save puer 111, 88 81111111,88 -
8111111118 81111 mentula 111 88 11111111
8111111111 1198 811111111νί1, 10 · ⁴
8111111191 81118111111111, 17 frigus 1, 80
8111111 vii, 87. viii, 80 81111111111111,101“ .·
8111111111 xi, 81 1111111188 om 1111011111ιρ ducentii, 80 Mt·
capp-docum 11, 81 1111811888 11111, 10 ᾗ
81111186 “ ,. 8111111118,οΙ 1111111188 ’ ·
8111181111 salusque 1,1 · -
81111111111170 1111111811, 88 1111- 8111118111, 81
1111111811 8111111111οθ
311111118181 . 8111111111 11,8
8111111178. 111111 ,0111 xiii, 08. 8111111181. n& Ι
8111111, 81 1111111111 8111111111 18. 11118. 11177 -
Sum· 111188 8111111111, 71. 111111. 1,10.74. 111,
sagatus 1111 11 11111111188
8131111 1111111110 111, 88 salutatrix 11111111.100 1111111187 ·
81111111111111111Λ89 8111111111171. 1118
8111111187 8111111111,80 1111111188
811111181111111111111,1’ = 8111111111,81..1111,88
11111111... 11 1111111111 1111111111,
81μ111311111,18 11 1111111111, 01 ·
Saguntini calices 111, 108 salutemus 1, 81
Saguntino 1111111111. 111108 . 811111111111,8 ’
8111111 bulbi 111, 78 Salute· 1, 101
8111111811 ii,¹ 08 8111111111 nquit 1, 1
81111111ᾳωὶ181 8111111188. 111, 70
811111111111. 11, 87 8111111111ἰὶ1, 81
8111111111 1117 “ 81111111 11811118 ,
1111111. 111187. 11111111,18 8111111180
meir, 18. 1,18 111111111ὶὶ1, 811 811111111111111,89
111111 1111 multo 111 tumen pm· 81111111, 18 ononi· imo 1111111,
11111 1,0 pruriente 11188 Roma· 88. ,1,41 11111111, 19
’ 1111118 81111111111111111, 18
8111111111, 88 811181111101 -
81111111 11, 911 8111111 uxorin 1, 80
811111111181111111111,8 81111111 1111111711 1111111181 . 1
8111111111, 88 8111111 11188 paler 1, 88 Quirine 1, 1
811111111118111111,88 · 88 1
811111111188 Sancti templi 1,88 ’
Saluianum 111911 nudi 18 novos 811118111111
11111 11111111118111111111,10 811181111111111111, 17
salesque 1, 8. 1118 8111111111 1, 81 ’.
8111111118 mammo
8111111111111111118 . 8111111 focis ix; 88 111811111110 .
8111111111 piscem 1, 86 8111111111 cultor juris et legum 1, 17
8111111181 Sanctius iii, 80. 11111

 

