ΙΝ mmm.

0111111111 11, 8

0811111111, 88

onmia brevis 1111 8

0881111111, 88

00010111, 811 iv. 1¹0⁰!- ’11631801 Vn,
⁴⁰· 112³]

0881111111. 84 ¹

0181181118 18

08818118 114

οὓωμῗ 111, u· 811, 01

0881111118 11187 1881811188

08811118111188

0881111818 vii. 88

0881111111118. 1187

0110ΰῖ111 ffi, Μ· “0 ¹8, n

Occurrunt 11 88

οω11181118 v, 87

0881111111 188 0111118111 1, 87

Ooemnque 1, 44

omnm 1111001 Viflo

0181111 118811 i, 88

0811118818 1184

081111118

0811181188. xi. 88 ’

08111111 1111111181 11, 88

08111111 viii, 71

081181 1111 81

0818 ii, 87 1811111111111, 88

018818118181 11188 menda

ἶ»

Oculi 1188

08111111, 78. 1117. 11, 111. 1, 88. 111
18 11818111111111187

081111118888118111111, 88

ovalo 1178. 111188. 11188 111818
1188 utroque 111188

081118188111

0811111111 81. 11188. 1178. 11118·

0111811181188

Oculum i, 88. 1118

08111111 1178

0881111188

0111 v, 18. 11188. 11188

0111111 88. 81. 111, 18. 1111 81. 1, 4

0111811111 1. 11118

0111118 11118

01111181 11184

odor 11881 111. 2⁴ {Ihm 111 ¹²
gupleni, 88 1118888118 18181
’181

0118111 Floro 11, 88

0118181188. 1188

odrysio orbe 1118. 11, 84

Odrysia 11111117

odrysio· 1181181 11188

(88811111 puer 11. 18. 111178

081888111188

(3088881114

(818188111188

OEtni 18111188

0188181111 111 881

0181111 1, 48

081188111118

0881111818 1188. 88. 11, 88

088881181118

0881811184

0881118111 7. 11118

08818111111184

0118111111 87

01181111 aquo 111188

088818881888111178

0881111111, 14. 11177

08811118

0818111188

0818181118

0881818111

011118111111 1181111188

081811111181. 111181178. 1188

01181181

0181188. 1188. x, 84

0181111188

018811111148

0111111118

0181111118

08181818181111111 11, 84 · “

018111811188

018188118818118

01811111 1111111111118

01881188

01818 iii, 18. 88. 88. 114. 11, 88. 11,
88. 11188

01818111 1188

0181 ii, 18. 114

0181188. imm 1118888. 11
88. ix, 18. 1188. 1111181

0181111111 88. 177 1181111111111111,

01118818 11148. 1188

011881111184

0888118181181188

01111111 vulpem 1, 87

0111111118

011111.44.111188 18111187

01111Ρ18111111.88

0111111. m 1188. 111188 Anam
11.8411118811,88 11881181 178
1111181148

01111111118111181

0111111118

011111811881811111188

ouria 11111

08111181111188

ou· 111111111118

011181111188

01111 plebeia 11118

011111 11148

 

