ΙΝ nnnulnnnn.

0011110101 smilis 1,47
000111111110. 111, 80. 82. 1, 10.
011167· il, 2⁰· ⁴⁴0 ⁴⁰· ω· ¹, ²⁷0

xxxi

0010101001 n, 67
coligi, 0011711810 822 inprobo 1117 Iu*

48. 1182. 11174 clamatus 100 Cornua 11, 00. 48. 11107. 111104

frequens 11, 08 10101001 11, 28 10·

101 1111, 00
00011110 110. 1111 011110 11108
Convivam i, 24. 1144. 111100. 11,
000 bellum 111, 00
0001111111 1101
00011111 11182. 11, to. 1100. 11148
convivere 187
0111171018 ii, 51· 1111 ⁶³· Vll, w· 971

’ 11118000. 70 cuncta 1101011111.

00 11011 xiii, 88 000010111141
100110011001 1100 1011 111, 41

(100111ῦὶ1112. 1188

0001111010 00110100 11, 78

00011 111, 74

000111 omne· iii, 47

00011 Rhodi· 111,οθ

0001101111,οὓ

copulentur 111, tv

coquin ix, 82

0011011102

Coquo 1, 60. 1101. 1111 10. 02. 111,
220 1010111170

000001011118

Coquontur xiii, 110

0011001100. 11127.οΙ

0011110127. 1111011178. 1, 10.
1184. 111, 40. 111, 210 1011011104

00110100 11, 44. 1100. 111180

&neruus 111180

Coram m

0011110011ρι mm

0010001110ῐῆ 111187 regie 1111, 08

00101 111101 1100111108 propio·

01111. lieu

00100010111111, 02 110000110210·
tior 11168

00101111 major 1102

00101011 1112

Cordyllis 11111

0011001 1,10. 1174 blenda 11144

0011011110 1011010100 1, 80

Corinthiorum 1, 60 10101001 101111, 08

0011010101110100101 111177 81010010·
001 111172

Corinthon 1,08

0011011116

001001 111, 82 1110101 111, 01 ¹

0010011180 10101114

00100111 xi, 104

corneoque 0111010 111, 02

Comen· guttur 111, 02

cominu· 81. 1,7 101011 juvencus 11,
11 nummis v, 11

0010111102

Cornuto 110010 S 10

001001 11, 24. 118 trondemnis
1111, 01 grate xiii, 00 11011118
olivifera 111, 00 pulchrior 11, 61
quadrimo 111, 02 101011111127 1011.
11 11160 10το01010 xiii. 01

001001 1111110101 11, 70 Pieria 111, 02
0101011111 111108 10001 1111, 70

coronabunt 1, 48

001οο111188 00010 111, 72 01101101, 42

Coronam grovero iii, 47 solnm 11, 20

0010011 1011101111 1111127 iunctm
11, 80 Tarpeius ’11,41

0010011 111, 18

0011101111 000111 1, 00

00100110 Menandro 1, 10

0010011011 miles 111, 8

coronetur x, 62

Coronide 1011 1, 1

0010011 1101101011 11, 02 sutilibus 11,

0010011 grandin 111, 01 1010111011 11,
0 00011111 11, 70

0010010 87. 11, 08. xii, 100 10110010
111, 4 101011001110101110101 1111, 70

00100187. 11182. 11118. 11, oo
101011000ιο 111168 10100 1111, 70
luteum 1147 1001110101οθ tolu-
010 1, 47

00100100οἰ1,οῠ

Corripe sot

corilPl! li, 09140

0000001127 -

corrumpere 11170. iet

Corrumpit 11100

Corrumpit 11160

οο11010011011,00

0011000111 111142

0000010010 1100

Corvino 010111 1127 thymo 1142

Cortex 10111 Mareotica 111, 200

0011100 00001110 111188 1011 1, 07

coni! Vlldl· 311591 liilpst pm
11, 00 110011 11101 1010100 11108

0011011174

0011110001 000010 1, 81

Corvus 111, tt. 111, 74 niger 1, 04

0011010111 01010 i, 71

Corycio croco 11100 nimbo 11,Βο

Cosconi 1177. 11100

00100011 11, 00

0010101108. 1107 ι

0011111188. 11, 8. 00. 11100. 111,

 

