11 1111111111. xciii

Monstro 1111111111 1,99 Horo 1111111111, 19 11911111194
Monstrum 111 1, 91 1111111111111311111111111,9 prurigine
111111111111 11, 99 111, 99 1111111, 199

· 11119119111111 11191 11111111.11,11.11,1ι 11111111, 41

Monte ir, 14. 11, 94. 1111, 99. 1, 9. 199 11111111196. 1111, 91 111111 1111, 19
Cecropio ri, 94 roano 111, 91 Ioron 11111111, 49 1111111 1111111111,94
1111199 Tiburtino 111199 Morte 1919. 11,19. 1, 9. 1111, 99

Montes reptem ir, 94 11111111 viii. 99 mogon 1111,99111111111,19
roomo· 11191 Mortem 1,49.19. 11,49. 11, 14. 1, 91.

Montibus 11111111 1, 99 11, 44. 99

1111111111, 49 1111111111 11199. 11,99 uanum,

, loramento 1, 99. 99. 11, 48 cro-h 94 1111111111 11199
ix, 99 11111,9 Macota· ix, 199

111111111111, 99 11111994 1111111111 oignon 111, 91

1111111,19111111111,99 larmir, 19 11119111,99111111111,99

11111191111111,9 Mortuo 111, 99 lenum 11, 49 membro

111111111,99 111194 1111111199 Secundinum&

11111119 liquidum mtrem Signino 1111, Mortuo 1111, 19
119 111111111191111 11,99

Morantur 111, 99. 11, 99 Mortuo leoni 1, 99

Montis 1111, 81. 11, 49 Mortuo· 1111, 99

Morus 99. 11, 94. 1,18. 194 lentus Mortuum 1111111111,19
99 11111111 iii, 19. 11,99.11. n'i, 49

1111111111, 99. 1, 194. 111,119 Morum 11, 9

1111111111, 999 1111111111 1119

111111 11191111 11, 91 1111111111

11111111 1, 99 1111111111 11, 91 Moti 1, oe

111191111111, 14 1111191911111,1 prmum 1111111

mordebit 1, 91 11,9

1111111111199 Moror 11,99

1111111111 11199. 111,99 Morem 111, 94. 1111, 11

11119111 11, 19 111119111,19. 111199

11111199 nolito 1,91 1111111111 111, 19

HOMO ,ἢ no 91, “r Ι11, ⁴⁰ nolendo 919,

ΜΟΜ sm· 1, m· 10⁰· 11, ⁴⁰· Ῑ, 1οο Μθῐωῑ ,11, udi, π
11, 9. 99. 11111. 11, 11. 99. 199. Moventur 11, 99
1,4.99.99.11,9.19.111,9111111111 91111011,99
11199 Gonnum 1111111111,199

1111111111,91 111111111111, 19

111111111111,91 11111111 111, 41

Mori 819. 1, 1119999. 11, 9. 11, 99. 11111111111, 19
11. 1111. 111111. 11, 11 ..1 xi. Movent 111, 11. vo, 11
99. 19 11111111, 98

1111111111, 99 1111111911

11οὴ1111111, 19 1111111111, 11

11111111 1, 99. 11, 99. 99. 11, 99. 11, 1111111, 99
wo lm ΜΝ 919,

1111111119 19. 111, 99. 11, 19 11111111 undenorum
11,4 Mucius 1, 99

1111111111 1111111111, 119 111111111111, 19

Μ1111111 11, 19 nogioni, 99. iii, 49

Morietur 111, 94. 11, 91 mugilem 11111111 1, 99

Morio 1111, 19. xo, 94. 111, 919 Magium 111, 99

11111111111111111111,91 1111111111111111,99

11111οηί1111 111, 1111111191 111,191 rupto 11,99

1111111111 11, 99. 11, 99 1111111189. 1111, 91. 11, 19

1111111111, 99. 11, 19 1111111ωωὶ,91 ..

1111111111 11119. 11, 19 111111111999 11111111, 919 11, 99. xii, 94. 1111, 11

Morituros 1111111 11191 1111111111 11111 ¹¹» ⁵⁸

 

