Χ rumix

81616 111,16

81616116. 1199

8161661111,191

8161611616161 1116

8616666116 r, 68

816161 poli 816 6691111186

8161616 aqui· 11, 11 616116 11, 61ι roli-
brrrrideriburque 6,6

816166 hyberna 1111 661611666ῦὶ66-
61616 11, 86

8166 11, 11

8166161116

Arcus 66661 111166

8161111169

816661111169

816666111111

8166116 666666 117

81666666 6666 11, 79

8166616616111166 1, 16

81666116666111, 91 1616166 11, 71.
111, 116 ·

Ardere 1187

81661 111168

8111611161 6666661661

816616 666616 819

816661611198. 1116

8166 111 69. 11, 91 16111 viii, 66.

Αῐζᾨ488656 216 6611686441 V, ⁸1·
11119661 1661116 1176

Arent i, 19 8666116 111166. 111, 61
66616 816 1661111169 66161166
1,96 anguinea 811 1616 89

816161 1, 66. 1186 Cum 111119
Latio 111189 66666116 6611666111-
166 1, 61

8166616 819

Ι’8666 11, 19

Aret 1,11

8161166 1666 111, 98 16616161

Antulla 111119

Argeum ligni· 111199

Argenti 11, 76. 11169. 11, 69. 89. vii,
69. 1111671. 1, 67 6661111611 111,
86 ”libramina 1,11

Argeum 1116. 1196

Argentum 111, 11. 1, 69. 1169. 11,
19. 111, 66199. 111118. 111119
archetypum 111161 omne 11, 19

81611118

813116166661666166111
’661117

ligii· 661166 xiii, 19

8161166166611,66

Argivi coloni 11, 61

81661166 gente 11, 66

813611661116666 1166

miluum 111120

Argonautas 111, 61

Arguimur 1179

8166611186

Arguta 61666 111, 81

811616616666 1118

816611 Tibulli viii, 76

Argutis libellis 19 11661116 111,169

Arguto 616 1191 catullo 11, 61 661-
6616 11, 66 pollice 1189

Argutus 16661 rii, 68

8161116169

86616661611116 1111, 19

Aricina 1, 68

8116166 cliro 11, 19

81161666 611166 111 19

81166 1, 76

811666 166166 11, 19

81161 1111, 61 6116661 1, 87 6661611
111119

81166 166616 1119

81166 irai

811666 Methymno 111161

81616196. 11,11. 1, 11. 111166.
111,186 6616 111, 96. 66 devota
11, 16 digna cingere tribunitium 16166
11119 666116616116

8161616 111119

8116616 166666 897

816616 graphiaria 111, 21

8116611 tribuni ii, 69

816616 pumilione 111

Armeniosque 1, 69

Armiger 6616666666166 11, 67

816111616666 11, 19

Armis 1, 69. 11111. 1, 26 8161616 11,
69 6166166666611,91 61116 11, 11
16116116 86

86616 9161116 iii, 66

Armorum 11, 66

816166 1, 61. 1, 61. 11199

8161666 1161119

81616166 ’ x, 19

81616 61661116 11, 66

81166166 penem 1, 66

81116 66616 1, 11

8111666 11, 11

Afllgeffi 1116106786 iffi& ime· ll,
97. 1161 .

Arrigis 11176. 1196. 1111

8111311191

8111611 1116

8116666166 16661666 1,8

. 6611199. 1669. 1116. 66. 1, 69

6616 111, 199
8116616 6616 11, 66
8166111 11, 76
81666161 1, 71
Anii 11, 96

 

