11( mmm.

G. (11111111 11110
6111111 1,04
nahum 111, 40 6111111 11100
6101111 11, 11 61111111 11, 04
6101111 111, 07 61111 1, 00. 1111000
61111111111101 omit 1, 01
6111011141 1111100 1, 70 ’ (1111111 1111 111, 70 111111 xiii, 71

oni-n 11100 plecta 111, 107 ug· 11, 00 111111
6111111111111111,71 111, 04
(indimus 1,101 6111111 11, 00
611111 11111111 1, 10 6111111 11111 (1111111111 Tantali) 1, 0
01111011 1111111110,οθ 6111111101 1, 01. 111, 10 obliqua 111,
ouh-mnia 1,101 01
6110111140 6111111 11110 annulus 111, 100
0111111111, 101 Garum 11101 11111111 1111, 101 no·
(1110111111 111, 01 0111111101 sociorum 1111, 101
61101111 mora 107 61111 11, 01. 111,]07
6110111 111100 6111111 11, 40. 1101.
unumque 11, 07 61111011 11, 00
Galericulum 111, 00 6111101111 11, 77
611111 11011110 11111111 1111111· 61111111111
1111 1,17 ⁸ 61111011 110
0111111111111111,11 1111111, 6111111 11, 00. 1, 40 111111111οῚ
n Gfludent 1, ⁰²· ¹⁰⁶· 111721 118116
6111111 culn 1111, Β Gaudentem 11, 70
61111 11, 10. 04. 111, 01. 00. 11, 10. 61111111 111100
00. 1, 04. 111,10.00.- 11, 000. 70. 611111111113111111ζ1111, 10
1, 70. 00. 11, 10 0111111117
61111 1,1 6111111100. 111, 00. 11, 1010. 11,
6111111011. 1100. 11117. 01. 01. 104
17, m· 7117, πο {suunt m 10· effide* 1,,0· 091 Π· 901 17, Μ· ν1
1111 ii, 47 10. 11, 00. 111, 00. 07. 11, 14. 44.
61111 111170 1141. 111100. 111,1.141
enni 11111111 11, 00 111101111οῚ 6111111 11, 01
611111 111, 110. 111, 110 1111111111 611111 11, 10. 111, 0. 11111111.
1111111 1111 01.00. 141 1111111,11 11311111Ι
6110111011 1100 110. 11147 11111100 longa 1111,
011111111Ιο 1001 11 111111, 17 publica 1110 se·
6111111111111111111,100 11111147 11111111 111, 00 1111
6111111 11111170 1110. 1110
61101111111111,47 Gaudio 111 1, 78 veto 1, 00
(1111111 111104 1111111 1111,οΞ (111111, 6111111111 11, 00
ibid. 61111111111,110.’ 1,17 crudele 111,
(1111010ονἤίὗό 01
610111111111111111111100, 6111111 1111, 01
filu.. iira- fflwflh 'fiijwo ¹li, GUUN 11, 891 VM· 711107· ild!
7174. 11140. xiii, 00 11111111 1511111111 11,07
111, 104 6111111 111111, 111 11111111 111, 100
(1111111111 ruptor 111110 (1111111 1111111111 111, 101
6111111110οὶ 11174. 11, 1010. (11111ρί1111011111111111,147110111
11 xm 111111 111111 μ· xima
11111 11101 1111111141 011111111111111111 11, 00
6111111111 11111 1111, 10 (1111 111, 00
611111111111111 11, 17 611111111 111, 00
Ganymedeo 10111 111, 00 11111 111140 (11111 1, 00
augin iii, 11 111111. 1.,11
0111111111ρο. 74. 11, 00. 111, 00. 611111 111111 1,0
1111,Ιο 611111οῐ1111 11, 07 1111111100111·
6111 111111 11127 compto 1100 gine 1117

 

