xxvi

0181181 Lyn 111, 11

0111118188 1811 i, 188

011181 penates x, 88

0111818 1, 88 toreuma 111, 88

018181 1118 8118811188 frondoso·
111118 18881111

0111181 828

011111881188. 11118

claudere xiii, u:

01881111 8818188111, 18 8811188182
1181881188

8118188118

Claudianorum 1881881818 iii, 28

Claudii 1117

0118118111, 21

011111 1, 88. 11, 88 magno v, 88 ue·
18181185

01118 1118 11, 18. 1, 17 811811 111, 82
181111, 82 cella 1111, 14 8811881111,
87 8811881111, 88 118811 111118
prandit 18118 vimine ix, 78

018818 18118 11, 18

088181881188

0118111 81188111 111, 81

018811111118

0118188 111, 72

0118111818881 128

0118181 881181 111, 87

01881811888188 18

01881881 1, 88

0181888111 1188 hilaris 1118

01ω88ο 18881 1, 71 1118181188

cleopan 112888

8188111118 1188

clepsydra 1188. 11117

011881 vii, 82. 88 addictus 118 que·
18181 1, 88 sordidus 1111, 88

0118818818111811188

cliente 1111188 culto 1128 que·
18181182

0118111818 111, 78 1111818181

01181111 118 11118 171 clienti· 1111,
78 111111 1, 87

0118181118

01181881 1, 81 111188811188

01111 18 8811811118 x, 71 Suburani
122

01118 171 1118188 11, 18 11811171.
1178

0111818 Aricinum 11182

0181818118]

0181111 11, 81

clune 1188818111 11, 18 nudo 11188

clunibus 1881811811 111, 88

omnibusque 111, 88

clun 18111 1188

01811811 pultibus xiii, 8

018111 11111Ιί1 111 88 lymphis 111, 81

018111171

mnu

clypeumque 1187

Clyte 111181

Clytum 118

cnidiae 11881 111188

0888118888881811 11, 88 1181188111 xiii,

1181181118. 11187

coactos capones, 111, 88

0818181 11, 18. 88. 18. 111181 81818
1128

081188181111

coccinatos 11181 187

088818881188188 111, 181

Cocco iii, 2. 1, 78 18111111 18118 1, 28

0881181181 Eucliden 1, 88

cochleam 111188. 1118

0881118118 111111. 71. 111121

0881181111 111 121

08811811 xiii, 88

08181811 111, 121

0811181188 11, 18

0881818118 11, 88

0811811188

0888818111 111, 82·

cocta niveae 1188

0881181 xiii. 28 ξ118111 1188. 11188

0111811818 11, 78

0081881 leporem iii, 81

Coeum 111128. 1, 88. 11181

Coeus 181. 1111, 28. 111118. 111,
228 1111881112

081181111181

081118 128

codrus ii, 87 . 1, 28

081381111181

(38118118

08111811818881 1182

8811111181. 11181

08181111 8818181 18

01111 11, 11. 11188 Phidiaci 11, 82. x,

Coelique 11178

01818 viii, 88. 11, 182. x. 81. 1111, 18.
1111 8111181118 Ρ11111118811,18
sereniore 1181 181888111, 188 1118
118

01818188 111

081818111188. 1, 88. 112 1111881121

coeu 111811. 11111. 11118 vi,
11. viii, 8. 1111. 117. xii. 18. 18
diserta 1118 11181818181881 18181118
1811111811 1, 88 11811 111, 18 811118
111217 8111178

088811818111118 111, 18 88118111 11,
72 8118111181118 11, 81 11111182
18111111, 81 1811111118 unctiore 111

08811111 11188. 1118. 11, 88

088181188118 11, u

Coenacula 1188

 

