rr. 111. ’1111111111 11111. 111. x. ¹ 11111

’10111111111111111111111111 11111111111111111,1·1.] (11111-
111111111Ε11111. Prin. 1111111. 1111. (1111 11111111 petriam 111111,1111111
111111. · 1111111111111111111111111111111,11

1 fibrinum] 811111111111, 111 81111111, 111111. 111. 1111. 1. 1111. 11.
aspersionibus theatri. 11111111111111,111111,111.

11111111 mdc] Aquilam, 111111 1 Pardula, 11.] Bilbilim 11 111111
11111 (11 1111111111. 11. 1111. 1. 11 111111.
templorum atquo 11111111 1111Ιί11111 18111111111111111] 8111111111 1111
11111ςί11 apponebatur 111111, 11111· 1111111111.

1111 1111, 1111111. 111111. 1. 111111 1 11111111111111111111111111-
11111. ’ 111, qul 1111111111 111111111111111

1111111111ιᾶ Μαί] (1111· 11111.

1111111111111111. 11. 1111. 1. 1 1111111] 111111111 1111111.

11 11111111]11111111111,11111,11- 1 magona, 11.] ’111111 11111
1111111111 11111111 11111111 111111111- 111111111111111 11111111,11111111111·
1111111111111011111111111 rapiente. 1118111111111111111. Mrprb‘r] Α·

1111111111111111111111111111· [11111111 1111 1111111111. Pon]
111 (1111111111 11111111. 11111111. 1111011111ςί1111111 1111 pro 1111
8.1111.1.1111.11. 111111111111111 1111111. , ·
8111111111111111111. 11 11 quemquo 1111, 11.] 011111

11 811111111111, 11.] 11111111, pr· 111111 11111111 1111111111.
1111111111111111111. 11111111. 8111111, 111, 111111

11 1111111 11111111] 1111111111· 11111111, 01111111,11111111111111 11·
1111111111111111. 1111111111 irridet, quod 1111 1111111

1101111111111,1·1.]1111111111· 111111 1111111 11 111111 111111, qur
111 1. 111111111. 111111. 11. 1111. 1. aarum 1111111111111111111111111.
1111. 1. 11111111. 111. 1111. 1. 11111. Rea
1113111111 111111. 1111111. 1111111111] (1111111111111, cuju·

1111111111 111111, 11.] 11111111 111111111111111111111 Α. (1111. 11
(111. 1111111111 quem 11111 1111111 1111111111.

1111111111 1111111111 11111111 111· 1 0111111111] (immoritur, 11·
111111. 111111111111111111111111111.11

11 Hae 1111 11 111, 11.] 11111 111· Amni- 111111. 11 111111.

11 111 11111111, 111111. 1. 1111111111. 1 1111111111111111]811111111111111
11. 1111. 11111111111,11111, 11· (1111111111811111111111111111
grenta. 1111,111,1111111111,111111111111111

11 1111111111111](1111111111111 11111111111111111. 8111111111
11111111. 011111111111111111111· 111111 11111111 1111111111 :⁹ 111 11 11·
grum. 111111111111111.

11 1111111111, 11.] 1111111111 mmmmm] Ρ1111, 11111
11111 111 1111111 (1111111 1111111111 grn- 111131111111111111111111111111, 1111
11111111111111111. 11111111ς 111111111111111111111 11111

Em. n. 111111111111111111· 11111111111111111 111111111111-
1111111111111111111111111111111· 1111111111311.
11111111,1111(1111111111,111111,111· 1811 111 indm, 11.] Propter
11111111 111 1111111111 11111111, 11111111111· 11 1111111111 1111111111.
11111111 1111111 1111111111111· 1 Bt 1111 Gru-dreit] Abrqrr
111. Η1111111Ρ1111111111111111 ope Grammaticorum 111111111111.
11111111111111111 111. 1111. 011111 111111 quisquo 6111111111-

 

