111 immicum.

81011111ῗέ 111, 187 8110 1101001ομ111

'¹0

8101101 1111001 111, 880

Simplex 11, 41. 111, 80. 111, 08

· Simplici 10100 1, 88

simplicibus cici· 11, u ni! 1, 80

Simplicior 1, 88

Simplicium 01110 1111, 80 noch 11, 7

Simplicius 0100101 1, 47

Simplicitate 01111 1111, 78 1100111111,
80 1111 1, 40

8111011ξῖ111,88.111,40. 11, 08. 111, 88.
111, 0

smpihill. 818.. “⁸ ,81590 ix, m· ¹5 αθ

Simul vii, 18. 11, 88

8101111011 107

8111011011 iiic

Simulque 1,,88

81011 11, 00

8100111 1000111 11, 80

81001001 1111, 78

sindone 010111 11, 10 0001101111 11,1
1111111, 10

8101 i. 84

810101ιί1, 0. lim. 11, 8

8111111101 111, 88. viil, 88

8101110111,81

sinilia Fili, ⁸⁰0 li, nc ω

8101111101 111, 80

81001111 111, 78

81001111 nobilibus 111, 40

8100 8η. 11,0.1, 18. v, 88. 1111, 87.
11, 81. 1114088. 111,800 (80101110 Ι
111, 140 tepenti 11080 tepido 1111,

Siill turpi ιιῖξι84 zeno 1, 78
1101111100 11,

8001111011 111111111,1110001111,88

8100111100 1111,7

8111001111,8.08

sinumque 11, 01

81001 11, 80. 11, 8. 1181. viii 8231111»
100 mvi& 11111101 111178
10101001 1,18

81111111 111, 04

81110111, 00

1011111111, 110

811111 3111011 111, 04

8110111101 10101 111, 80

Sisyphi inquieti 1,0 11111 1, 80

81111,οῚ

Uti 1101011 111, 100

811101 1,08

81111011 111,Ὶο

8111111110οι 1111011101 .
811110 11, 08. 111, 88. 11, 80 11101011,
00 captivam 11, 00 verecundum 1111,
81110 11, 00. 111188

1111

811111 1111, 41
111, 117 011111111118 ’

8111111, 40

Sica 111, 1. 1110

situ· 11, 11. 111, 01

8111 li, 8

8011ῃο01 1, 11 Scytha 11, 88

80001101 11. 80

cohow-vinc 0101111088 1111108

8001111178 1101111184 minim

800101011ιο111 1, 101

8001101 iil, 10. 88. 11, 0. 111, 80. 78

8011011 viiii

8011111078. 11, 71

Soceri 1, 88

&wo 'ii' ω

801111 01011 m

80110 11,10

souin· 11, 08

800111111,00

800100 1, 07

8001111, 107 juncto 1, 87 ‚

800111011144. xiim 11011848

0111011100. 1111 μω, nec
1111111 1, 104 vomi, 100

8001111,101110111,841 111,.11 1111111
00101010. 111111 x. 87. 111, 88 111111
1100001 11, 48. 1,Ιο

8001011044 0111111111,811111 11111· “

1011180 00101100 11101108. 111,

8011111111,00 01011, 77. 11114000·
110011,10 11101111 xiim lcum

80111, 0 0101011 ix, 77 001111 11, 88 ι ¹
iciiiiiiiawivffcm ¹⁸⁵⁸ ’Ψ

801111 10100101 11, 88

800011 0111010101, 8

801111, 48. 110, 08

80110111,οΙ

solcum 11, 87

80111, 78. iii, 88. 11,81 1118880101)
iiiu 0101111111,88 modicum

801111 luccio 111,.00

811111 111, 00. 1111, 00

Solemque 111, llll

80111101 11188

seloh-m 11,οὖ

8011011110. 1,44.88.111,8.78

80110111, 7. lim. 11101. 111114 ’

801101 11, 41. 11, ss

80110111 1101101 11, 00

80110011101101011, 17

80110011 giudic 111, 88 1101111111, 08·

80110010011111,88

801101 11, 80. 111,00.11,84. 111, 18.
1111, 80

 

