ΒΧ

Paulo· 8, 88

Ρ88181818, 11. 88. 8, 88

Paula· 11, 80 1888811188 18, 88

Pavo 8, 88. 811170

1888881 gemme! 11188

1188881818 88888888 818, 87

1188881888 188188 81188

Pnuper 1100. 111, 18. 18, 10. 8, 18.
18. 10. 81. 81, 77. 811, 10. 18, 81. 8,
10. 81, 8111. 10. 81170. 818, 100
causidicus 818, 810 cina· 8111, 10
1188888 18,17Ι 11888881811881881888
81, 80 818118 Umber 81188

1188881188 8,11. 811, 18

Ρ888881811,87

Pauperibus 81118

1188888188 8, 80. 8, 78

Pauperiore 88888 818, 188

· Pauperis 11118. 811187.108. 818,1.

188 88118818 8181 8818888111, 81
1188888188 18, 77. 81, 88
118888888888181188888 8111, 88
118888818818, “mrim-xiia 118-

1888881180
Poeoent 818,8
118888818888811 818,88
88888818. 80. 81, 81
Pom· 1, 88. 11, 80
Peenno 1180
888881 111, 8. 18, 00. 81, 88
1188881818 11188
1188888881 1188
Peme· 81, 81
1188188818, 87
1188881 8111
11888818 8111, 81 1881881 81881188 18, 78
288188 nd 8818888 818, 88
Ρ88188811, 88
11881888 7. 81, 81. 88. 811, 80. 81, 88

88881118 11, 88. 18, 87 md· 81, 88. 8,

80818818 1888811888 8, 88 8888818

8,81888811881,10
Pmoun· 188818 818, 181
Pectore 87. 111, 7111887. 811178.

81111. 811188 1181888 8,80 docto

1, 88 dulci, 88811881, docto 18, 78 hu·

88111811, 10 18188 811, 88 memori 81

88. 88 nimio 87 81888 818, 110

nudo 1, 0. 81, 81 88888 8111 88811881

18,1
Pectoris 811, 17
Pectus 11, nn θ’· iu, πο 17858· V, ”0

vi, 81. 811, 11. 818, 88 fid· 8181811118

1118 181888 8111, 88 mimum 8,18

netum 8118
11888118 818, 78
Pecudlu 11888187
11888188 semum 8 81
1118811811 luce 18, 81

mou

Pecunia 88888818 81, 78

Panion· 88888 8, 88

Pecus 188. 81, 11 Hesperium 1188
lanima 11118 nine 8888 8111, 88
solicitum 8, 81

Pede 18, 80. 81188 18188881118188·
818 811, 81 8888111 vi, 81

Ρ811888 8, 81 81188888 1100 lm 11,

1181881188. 811,18.8,11

Pedes 11, 88. 1181. 811, 8188. 18, Β.
81, 71. 811, 80. 88 Achillem 11. 11
umifico· 811, 18 undio· 81, 17 pd-
18888 818, 107

1181881888 88

8818811, Ἀ

Peuma& 88811 81180

Pedibus 11188. 8,8. 81, 81. 811, 88.

Pedo 8,8

Pedoni· 8,Ῑο 11881111, 77

Pedum 111, 88

Pegai· 8888 18, 80

1188888111, 88

88888818 88188 88

Pojeme 81180

11818881 81, 18

Pejor 11180 8888181881 ·

1181881181. 811, 88 818181, 80 818888
111, 78

Pela& 81188

1118881108

Peneo· 11, 81 “

Pena tremulum 81, 71

11811881 1, 88 881881 8111, 181

Ρ8118818 888118 1, 87

pelignum 8111, 188 ·

Pelignus 11, 11. 8111, 78

Ρ81188 ‘stetu-licum 8111, 88

Pena· 88118 8111, 88

Penni 1888881 18, 11

Pelle 8108. 818. 80 8881818 811, 80
8888 11177 badim 811, 18 8881881181
811188 88888 8181

Pellem 88818888 8, 80 - ·

Penes 88118888 1171

1181188 818, 110 11888 8, 81

Ρ8111888 8818818 818, 100

Ρ81118818,18

Ρ8111818888818181818811,07

Peniculo 111, 18

88118818, 118 indecem 811, 88 188818 1,
80 8881888108

Ρ81188118 8888818818, 8

Pelops 18888 811, 88

Ρ81881181818888 8, 87

Ρ818818888888 81, 11

Ρ81181888 Anum 18, 108

Palu& 8888888 8110

 

