’ rr. 111.. 1111111111 111111. mr. 11. 1118

rim 8111111 1111111 (1111111 do· 11111111111111111111111111111-

num. 1111111 1111111111, 111 111111111111111
8811111111 1111111111111111111· 1111111 1111111111 1111111111111111,

11111111111111111111111 1111111111. 111111111111181. 11111 11111111.

crepa 1111181111111 111111111· 11111111111111111.Ι .

11111 (1111111111111111111. 11111111 -111111111111 8111111111]81111

1111 1111111 1118111111 11 1111111111 111111. 71.

11111111. 811 111111. 111. 1. 81111. 7. 4 81111, 11.] 11111111111111111111,

111 finem: ’811111 11 111111111111 11111111111111111111111111111111.

nera! 18. 1188. ..11111 .

111 8111111111 m] 11111111 111, 111 11111111118118111171111.
1111111111111111111111111111· 8.*11111 111111111111 1111111111-
11111111. 81111118.111111.7.111111111

,.8111 1111.Ι.1111111ι1111111111 8111111111111111111 1111111
1111111111111111111111 1111111111, (1111 11111111111111 11111111, 1111
1111111111 1111111111111,11,1ιι 111- 1111811111111111111111111. 81118111
1111111111111111,1ι111111 1111111111· 1111111111, 111 111 111 111111111
1111111111. 1111 vero 1111111111 11,1111111111111111111111,111111111
111111111111111111. 1111118181, ·ιι1 111111 1111111 111111 1111111111 11.
majorem 11111 1111111111111111· 1111- 1111111111.

1111. 1811111111. 11111 qum, 11.] 11111, 11111111

1 111111111111111] 8111111111111. 11111111111111 11111 1111. 7.
11111 11111111. · ψ 1Ν111111111,1’1.]11111111(11111·

8111111111 1111111 ego 1111111 1111 111 1111111111 1111111111111111
1111111111,111111111111111ι111ι 111· 1111111111 11111111 1111 1111111111.
1111111111111111111 111. quod 11111 1111]11111111, 111111 11111111. 11
11111111 111111 1111 111 trum 11111111 , 111111111111111111111111. 111111111-
11111111, 1111111111 meum 1111111111· 1111 11111,’ 111 1111111111 111111
111111. · Prantur‘mrrritrrr’ 111111, 1111111

Erro. 11111. 11111111] 0111111111· murrinum. 11111111.

111. 1111111. 811. 1. 1111. 88. 8 11111111, 11.] 11111 111111 11111,

1 181111111118111111111111111 111111111111 11111 1111111111. 111111.
11111111,1111111111111111 1111111111, 1. 11111 1111. 8. 8111111111] Nee
11111111111111111111111111111111· 111111 1111 1111111111, 111 1111111111·
11111, 111111111111 111 11111. nrt 11111111111111111111111111111111·
11111811111111 1111111111 1181111111- 111111. 1111111111] ori 111111111111·
1111111111111111. (11111. - 11111111111111111111111111111

8811811111] semitarum 1111· 11111111.11111111111,ι1111111111111,
1111. 11111118111111111111. 8111111111.

1811111111, 11181111111111111 1117111111 11111. -
1111111111111111111 1111111 11111, 8 811111 1111111] 8111 11111111-
1111111111111111111111. · 1111,111111111(11111111111111111-
. 181111111111,11.]Ρ1111111“1111 1111111111.

1111111111, 111111 81111 ex 1111111 “ 7 1111111111111. 1.
1111111111. Em 1111, 11.] 11111. 88111111, 11181111818811·
objectioni 811111. (111 111111. 111 111.

111, 111111111111111111111111111 Ἐ111. mxlv. 1111111111 1111111-
1111111111 111111εηὶ1111 1111111111. 111,1ιι1,111 111111 1111111 1111111,

11 Tm, 11111111] Nor 11111111, 1111111111111111111111 ortur-
ιιοιι 1111111111111111111111181· 111111. 18111,11111111111111111111ι1

 

