- 11 8181111111. 1111

1111111 i, 48. 19. 47. 11191. 1189. 11, 11111 8191. 11118 1111 Prometheo 1, 89
84 poen ι 111, 188
181811118111111 181111118111
1111111, 198. 1, 18. 11188188. xiii, Fictilibus v, 89 ’111111 111, 98
81. 11118 Fictilis 111111111 111118 8111811 111,
1111111 111, 91 11111111 11198 11111 1, 119
78 1111111189 1811181881 1181
1111111111 84. 11, 87 1111111 1, 18
111111111οη111, 88 111111881189. 111198. 4811188
11111111· 1111111898 chia xiii, 98 gelata 11, 48 lippa 111,
renuti· 1111 neem gmon quindecim 99
1, 74 ’ 11811119 1118111199
1111111184. 111, 47. 11, 89 nimicitias peetus 11, 18
11111111 paul: xiv, 187 1181149. 111, 191 perpetu· 111, 49,
1181181811 1149 summa 11, 89
111111 11188 11811188
1111111111 8111111, 89 Edem 1118111 11, 84
Bauli· 1189 1181111111,19.19.84.18 . ·
1111111ω1111818.1111111111,98 11811 i, 14. 1, 19 certior 111, 89 longa
1111111111, 88. 1, 78. 11181. 1111 1, 18 1811188149 11111, 78 11111
11111811188. 1,8 111,8111111111,88.1,44
111111111111111188 1181 11 111, 91
111111 111, 87 1181111 a 1, 81
1111111898. 1188. 1, 98 11811111 11, 48
rut· 11111111 111, 8 1111111111, 88 11- 11811111 Lydia 11, 99
linarii, 97 mdo 1181118194
11111111111188 fidoque 119
1118111119 1111188111 1111111118
1111111111 11199 11811 111, 74 11111118
11111111 111, 18 · 111111111189
Pmoun ¹02 1111 1187 111811 1111811118
111 neri 1, 1111. 811. 1811. 11. 111
11181181111111111111, 197 14. 118818. 11, 88. 88. 111, u.
11181111 1, 19 viii, 89. 79. 11, 89. 1,88. 1149. 88.
1111111111 tuni· 111, 49 11811111 11, 91 1111018
rffi'v'e'rz’ss 1111111111 1111111. 11111
1118111889 11, 88. 1, 78. 1181111184. 11141.
111811 11, 44. 11148 198191
111111 1111111188 figat 111, 94
111 1111111111 fuganda 1, 88
Rutu· ,18 1118181
mm 11111. xiv, 111 11381181
1111111, 18 · 1188111887
navim 1, 89. 111, 9198. 111111 11318111, 178 8111181111 .
18111111 11 88. 11, 91. 1111, 89. Ι113111 1118184 1111111111111 1178
1148198189. 1189. 111111 1118188148
11811181 94 figam 811111111999 .
118111 111, 918 311181111189 ruz 11, 8. xiii, 18 snm 1181181111
118111111179 11198 1111181188111111118
malaque 1, 41 11111 11, 9. v, 1. 1189. 1, 88. 81. 98.
11118111 xiii, 49 m 11118 119. 1111, 199. 111, 98 81111111, 11
Rufinum 1197 11111188111111118118111 rudi·
11811111 11188 11198 tot! 114 =
11811811111188 88188818181111811111 1111
11111188. 11171 88
1111118111 11111 1111111171 111111 1, 88. 1181 111111811881111,

1111111111111111,11111111 111, 71 rudes, pusillos 1, 98
1111111 mamus 111, 71 filium v, 88. 11, 89

 

