174 mmmm.

sordidaque 01101 881 ·

80181001101111011, 08

801810101101υ104. 11180

801018100111, 88

sordidique 1111101100ιί, 00

sordido 1111111110· 1, 80

Sordidum dentem 1, 8 101010 111, 87

8010180111,οο.1111,70.11,18.111,08
011000 viii, 88 11001 1, 10 0110101111,

8010111,4.11,48.1111,81.11,77.104.
x,ffl·n‚4

801010· 0000111111, 80

801010011,4.111,88.1,08.111,00

8010100 11, 00. viii, 81 ductui, 71. 11,

80011000 10001101 111, 00
800111101, 08. 111, 87

8000101· 111, 08
8000101101· 11, 0

swabi, 100. 114. 111, 00 10110111,

8010100000 1000001818

smt 0, 8091 ix, Μ

8000101110 1, 01. 111, 80. 1188

80001001011111,80

80001010 1, 00. 1,10. 1108. 1, 0.
111,1

8Ρωο180,8111160680 mm· 13,

48 juncte 111, 148 100100101188 88

1101001100 veridica 1,1 1011101101
00111111, 78

801011010 1111, 00

8010110 0111101, 00

8010101111, 77. 11, 8084. 1, 8. 1111, 0.
11, 80 8001011010 11, 14

son V, ⁸· xiv, ⁴⁰

80110 111, 0. 111, 181. 141. 170 00001-
dion 1, 71 1011110011, 40 001111, 88

110 1,40

mul

eunitarum

,80111100 111, 10

0011011111,01.11,11.11,01

801001 11, 80 ’

801011011, 01. v, 1. 11, 80. ,0. 61

saudan 11, 80. 11, 08

10011011,οσ

8010111,0

8010110 xime

801110 11, 0. 88 Dindymus 11, 81

80111000 fluxo 1, 41 ἡ

8001101100 1, 80 custodem 11, 84

8001101101 11, 78

Spanius· 11, 41

8001001111, 00. 1, 00

8001001· 11, 00

8001111111,00.1111,88.1,8

8001101111, 88. 1, 74

8001011111, 81

80010001010111, 08

8001111 0011010111, 84

8001011187

8000011111, 77 ,
8001100181001111, 104 0011100

8001001101011111, 00
8011010111, 00
80101οω00008, 50 ·
8001001100 0011011111, 07
00011011, 08 10111, 80
8001101111 11, 47
8011101011,77

8000101108οΙ
8000101 1, 07. 11, 01. iii, 08. 11,0. 1,
14. 1, 74. 1111, 110
80001010 111108. 1,08
80000100 fem 1111, 70 ’
80001010188.1,88.1111,8010100804
1100 101110 unda 1001111111 1, 81
8000010100 viii, 70. 11, 00
8010001801.ν,11
8000101111 1, 80. 80. 111, 08
8000101010 11, 80
800010νί001, 44
8000101111, 08
0000101800, 111, 818
111 80
8000110110οο1αο111114
8000111011, 41. 08· 1011110· 11, 80
sm mdmuhfl
8000111, 40
80008000010111111, 88
00310000000001 0110110111, 87
01111 1 ·
0000011888· 11, 80. 11111
Spem 111, 80
80010111, 08. 1188
8001111111, 40
spumam
8001011, 117
8011110111, 08
8001110111 170
80011101 111178
8001011111, 80
80001111, 14
80011, 77
8010110111111111, 74
80100 0011101111 01
8011001118
80110111,08.111,88.111,04.11,0.
1111, 70
8010011001 w 70. 1111, 77
8010080010, 00
8010180080111180· 111 07

 

