ΙΝ mmmm.

81. 08 78. 111, 08. 11, 10. 00. 01. 1,
561 71671 01142179180· 01111061
81. 1, 08. 74. 100. 108. 1110. 00.
ω· 011111011120100150107. {ivl

01111111, 04. 1111, 88. 01. 1, 80. 71. 11,
84. 111, 18 ,

0111111111,00

0111111111 11, 86. 111110. 11, 70. 1180

0111111111, 10

011111 11, 71

01111111 111, 01

0111111111,οθ

0111111111 111, 87

011111 S 01. 11, 80

011111110188. 1184. 111, 08. 1,
61. 11180. 08. 111, 77

0111111 1, 40. 1, 40. 1166. 11148. 111,
108. 116. 11114

ρΰιηι113711081 iv, n· 71ῧῃπσ 10,
01. 86. 1, 00. 11, 84. 104 7111 11, 00

Qualiscumque i, 71

01111111, 86. 111, 80. viii, 60. 1100.
11100

Qualiscumque 1, 80

011111111144

0111111187. 1, 104. 1,7

01111114

01111011 1, 74

0111111111

Quando 11. 71

0111111 11, 78. 11. 88. 1,70. 111111.
60. 70. 118 gloria 11,80 ira 11, 74

Quanta 1111111 11, 87

0111111111 1181

Quumque 1111, 80. 06. 11, 8

01111111 111, 47. 111, 80

0111111107. ν, 18. 68. 111, 017

011111 1, 8. 88. 1144. 70. 11, 40. 1,
68. 70. 1180. 1110040118. 1111
80. 1, 10. 56. 70. 80. 80. 117. 111,

Quanto· 1111, 08. 1178

011111111111111 11, 14

Quantum 1, 07. 108. 111, 04. 48. 00. 11,
08. v, 01. 11, 70. 88. 80. 1118070.
07. 1111, 7. 86. 11. 4. 40. 00. 11, 87.

1011010911· 11111111.
111111.1111,.1,., ·
11111100

0111111, 80

011111 11111111 1, 100

0111111101Αο

Qunam febris 1,77

Quartum 111, 00. 60 1111011111,70 ¹

01111111 1,18. 1100. 1111, 71 011111,

111,...
0111111111 1188

0017

0111111 viil, 48. 11111

0111111111, 10. 11180

01111111, 00. 1, 44. ⁹52„- 11110.
11. 11, 00. 1,08.60. 1107. 111,
88 ,111111111181

01111111 111 111, 78

0111111111 1, 80. 104. 111, 17. 1186.
08. 1,1. 11

011011 11184

011101 11, 78

011111 111, 87

01111111 1, 70. 100. 11, 6. 44. 111, 88.
v, 0. 70. 11, 8 8. 1111, 7. 81. 7178.
11,07.100 1111111111 11111111
1, 78 111011ιί1, 11 libunwilar
1,81 mappas 111 00 1111110111,
108 11111111810 tagum

Quacumque 11108. 1,104. 11104

0111111144. 1, 86. 111104

010111111180 pin 1108 1111111111,
1 ’1110111188 ,

0111101111, 87

0111111111. 1,7 1110111170

01111111 1,10. 111, 07. 1156 Ovem·

01111110 1111111111 1148

011111111140

Quaeri! i,w·⁸6·ffl· 111861 011, ³²·
80. 110. 1100. xiim

0111101111 1106

Queri 11, 10. 11, 01

ρΰθήωῐ i, wo ω· uon ν1051 Vi,”o
11,.7. 1,17.01. 11, 8οι71

0110111111 11, 01

0111111180. 1110. 11100. 1160

01111111 apella 111, 81

01111111 10111111, 80

0111111111111110, 76 0001111111,Θο

01111111 client 1, 80 ,

011, atque 1101118111, puin.

011010111οΑ0. 11, 47

01111118. 111170 1111 11140 1111·
11 11, 100 718101111184 11111 xi.
88 111101011οώ1. 11111 pn·
11111180 pign 11100 1111111111,
80 tunium 1, 81 1111 1, 00

0111111101 111, 87

0111ιοί1 1111

0111111111,οθ

0111011111, 47

01111111111,00

Quiete 1,08

Quieti 11100184

011111, 10. x, 76

0111111 luca 111, 141

0111111111 1111111111

Quincunces 108. 11, 88

011111111ρώ11 111,08

011111111111111. ⁴

 

