011 1110111 ·

011111 111, 40. ’111,70. 11, 10. 111,’ 17. Poeta· 11,84.“111,10
:iiim 000 11111111 11111011 1111111, 8111111111,01.11,11
87 1110110111, 08 Pudicam 1181 “
0111101011 111, 80 , Ρ11010011,47.11,87
01110 111, 88 perlucidus 111, 88 1010111001 11, 88’
0110111010 1, 78 Pediconibus-xii, Μ’
Otacilius 1, 78 Pone 1, 18. 10. 1,14. 11, 08. 111, 47.
011100101Ιὶ1 11, 88 11, 88. 111, 187
01110110 71,οῦ Pfflflh ὤ, 11 8171001108 μωψ.
01111,108. 11, 48. 11,1118. xii, 1.oe 111, 140 1101011104 1011118111, 180
’1011110001 11, 14 Nomentana 1, 44 Putaui m 11,-88
001111 ivm 1111111188. 111, 88 uor- Paomis mis 11, 01 1011111, 48
01011, 00 11111110 0101111118 Panno 11, 87
01101, 114 1100111, 08 Pati 1111111001 1, 87
011011101οι 11, 17 - Pom 0110οω111110ηή 111, 81
0110111 corono i, 48 1110111. 11, 80. 11, 70. 78 <
011011 liber 11, 1 110111. 1, 87
otiosiorem turbam xi, 1 ’ Ρ11101 1, 87
01111111 110111 1, 87 myrtetis 111, 08 10110101 111, 88 0111 111, 40
0110101111, 80. 08 nummularius 111, 07 hgin 1, 04. 111, 08. v, 8. 10. 111, 18.
011 111, 81. 48. 08. 11, 04. 111, 18. 1111, x, 1. 4. 78 11, 10 Nudumst 011·
40110111,481011111,17 111111 180 1100101111 1,08 dupla
01100101 1111 &m 1.,11 100.. m ne·
01101 101110 11,8 , 10101 11,17 0000111110 1101111,18
0111 1111, 00. 111, 88 8100111 11, 48 71- 001 11, 84
01111011 111, 80 hgin· 1111111111,81 &equali-vib&
00111101 1111111. 11, 1111 Pagina 111111 -
011011 Metamorphosis in 0100011011 111, 101ῑο11 'etti‘ 100
111 numm xiv, 111
0111 111, 00. 1111801οῠ Ρ11110100 11, 80
011101111111, 78 011111 111, 181 Nun 111, 07 ·
0101001010 11, 88 11111110 1111, 88 10Ῑέ1111 medi& 17187 1111111189
oxygarumque 111, 00 . Polum Hbyoe 1, 00
’ Ρ111111111 1, 00 Idu 11188
Ρ111111111 0111011 11, 8
Ρ, 1111110110, 801 1101110110, 80
’ Pan-atriu· 111, 08 ·
91110 quies 11, 80 Ρ111111011 111170
Ρ101 1111111111 11, 71 Ρ11111001 0111
Ρ10111 11, 70 ’ 11111011 tuga 110, 88
hd 84 ’ Palm 1,8
11101111 Num 111, 08 Ρ1111101 0010111 1111, 08 0111-11
8101011110 1111, 00 Ρ1111110 ’1011111 11, 40
111011 1, 8. 1111, 10 hub-,meniu 11,40
Ρ100101 11, 80 Ρ11110 111, 880 -'
Ρ111111111,78 · Ρ11100111 111, 78
1111111 1111, 17 Ρ1111011111111,88
Ρ1101101001 11, 80 ’ Ρ111101 11,4
minumum„ = Ρ1111011101οι1,1111811’,181“1811
1111101101 111101 11, 84 · 11,100 · ’
8111111. 11, 11 10111111
Paedtgogo 11, 08 vffi, 44. 11, 88 1101101110 01101 11, 84
Ριᾱιςοςοηω 1, 08 Palladiumque 1, 8
Mica 1, 88 Ρ1111010110101 1111, 01
radiant 110088 1011101111,101100ιο,11
“ Ρ1101111111,78.88. 181 101011, 18. 11188. 11, 88. 1ἰῦ
1101111111 11, 00. 111, 08·’ cunundi, 1
Μ100711111701 111, 90 hm· 17101701 ἦ) ”- hyan

 

