ΙΝ 1188118588.

Tercentum 1158151 ulii, 18

Tendens pnaeznlu viii, 78 Ι

Terdeuos 15151 111, 18

Tenebat 1, 88

Tenebantur 11, 45

1515111551 11, 88

1515111 111,4

Terentianus i, 87

Terentius priscus 1111, 45

15151115 Romano 1, 88

15151151 1, 78

’151511111151111551 11, 1

Tereos 11, 84 1155111 111, 75

1515111, 1. 111, 51

Terga 1111, 51. 11, 188. 111,8

Tergeminum Sophus 111,48

Tergeudis mensus 111, 144

15135 11, 88 1111115111, 88

1511515 (151155 111, 8

Τ5151111, 81

Tenis 11, 18. 11, 18. 88. 111, 18

’15111 11, 11. 111, 88. 1, 58

1511111 viii, 8. 11, 8

Terpsichore seuciu 111, 88

Tem S 84. 11, 48. 1, 74. 111,188. 158.
157. 187 1151111111, 48 5511151111,81
gravis 1, 84. 11, 14 levis 11, 88 115-
5511111111 5111111115 11, 81 5515111111, 8

Tem 1, 81 petrin ii, 84

Tem unulfum 1, 78 nestun 11, 55

Tenui 11,98

Terram 11, 11 ultricem 1111, 58

Tenum 1, 5. 11, 81. 111, 5. viii, 8.
111,8

151151 11, 18

Terretur 1115

15111111, 4. 11, 1. 111, 88. 1, 88. 1111, 4.
111, 188 051815111815 155111 11,
18.1,8811115111151111,88 Venetis
1111, 88

1511511, 85. viii, 55. ix, 78

’1511511511 1111181111, 44

Terque 1, 58

15115111 11,1

1511111, 88. 111, 155 (15111111, 1511511
111, 18 111 111,8 1151111111,415111,1

Tentis 515111 11, 81

Tertiam 111511 111, 84

Tatiusque 1111, 44

Tertio 1111111515 111, 81

Tertium 11, 88

Tettius iii, 58. v, 14. viii, 71. 11,188
consul 1111, 88

Terruit 1111, 11. 11, 88

1511111188

1511515111, 1. 111, 15. 17 largn viii, 78
11555ιὶ1511, 88

511

1, 18 111511, 188 gilvis 111, 58151515

vin 111, 48 1111111818 vetus 11, 88

1511111, 48 51111151 Histra 111, 88
11535111, 4811511 1111, 7 81111ιί11, 81

Teste 11, 88 8151115154 .

1511111 1151511851 111, 114

’1551111111 111, 8. 111185

Testetur i, 84. 111,88. 111, 88

Teste i, Μ· 1101 1111621 lw illm li,

Testem 1, 85

Testes 11, 78. 1111, 88

1511151151 111, 84

1551155115 11, 58

1511115111, 88

Testis 11, 87 Bninnis 1, 87

Testor 11, 88

Testudiue 55511 1111, 88 111111 111, 87
prims 111,86

15111811511111515111151 11, 88 ,

15151 515181, 84

Tethyn viridem 1, 44

Tethyos 15515115, 8 8

‘l'etigere 1, 8 “

Tetrasticha 111, 85

Tetrica 5115 11, 88 house 1, 84

Tetrica Deae 111, 88 febres 11, 78 Mi-
5511511, 18 tube 111, 88

Tetricus Dens 11, 78 lites 1, 88

Tetrici lectores 11,8

1511151515 Salonis 111, 8

15111511 1551551 11, 48 .

Tetrico esne 111, 81 uiuo 1, 88. 111, 88

Tetricus 11, 18 551151 111, 78

Teutonicos 51511151 111, 88

Texantur 111, 88

15151511, 81

’15111 111, 51 Bnhylunien 1111, 88 put· ‘

1511111511. xii 11

151111 rusus 11, 55

15115 vimineo iii, 58 vimine 11, 78

’151151 111, 58

15111511 Sequania 11, 18

Texuit 111,8

15111151 11, 78

1111111155

1511115111, 811. 11, 85. 11, 88. 11, 181
1115511111, 8 lennem 11, 181

15111111, 8. 11. 11, 88 551111585115·
1151111 111, 187

Thelunti 1, 88

Thalamis 111, tn

Thstnmos imbelles vii, 58

1111111111 viii, 58

15111115 111, 48

1515115151 l, 88. 111, 88

1511518111, 881188. 111, 188 acute 1115111111οώ1, 88

 

