111

Febricitantem 1108

Febris 111, 17 1111111110111111111
1. 77

1111111188. 48. 1081180. xiii, 74

1111111, 11811,οῡ

1111111 11, 80

1111111111, 84. viii, 80. 111, 808

1111111111, 10. 11, 40

11111, 14

1111111111, 01

1111111 1, 0. 1, 00. vii. 00. 1110.

1111111111, 41

11111111, 00. 111174

Fecit 11, 14. 11, 8. 78. 08. 111, 07. viii,
41. 78. 78. 11, 80. 77. 88. 1, 7077.
70. 1184. 111, 18. 00. 111, 188
centu· emphoree eque 11, 00

refellit 1, 110. 1, 40

11111111 ii, 10

Ferrea 1, 0.0.80 1111111187 111111
1148 renger 1104 11111111 11, 48

1111811181 8111189111, 80

1111111111οθ

Felix Luem· ιω· ifin- ’,61 Vi}
88. 70. 111, 8. 8. viil, 40. 11, 1881.
1111. 111111. 1111111. xiv,
188 81111111 188 11111111 1180
eree 111100 autumnus xiii, 118 (111-
111111,083111111111,00.1,80 lec·
11111 188 litere 11140 1111108
1111100111 1140 Pomone 100
purpure 11118.οὓ 111111111ἱί1 01 10-
ee 111, 80 111111 11, 17 111111 1,1

Flateqrre 611,(11111 1180
1 1,

fellu 11, 88. 00. 88. 111, 88

111111 ii, 78. 11188. 1111. 1111007.
11011180

, fellator 1100. 111,Ὶο

1111111111 11, 80

Fellatorque 111, 00

renatorum 1100

rene 148

renis emeri 11180

Femur 1170 femurque pulli 11, 87

renunculum· 111110 810111-
1111,οΙ

Ferrum viii, 14. 11, 18

1111111111 1147

renuere 187

111 1111, 88

Fere 81818. 11, 10

Fere belle 104 mestre 11188. 11, 07

1111111080 111 814
Pera delecte 1, 01

INDEX

111111ξ1ο11111187 ficte iii, 10 neg·
nre' 88

Fereque 11, 78

111111(1111ο) 11701 1, 88

111111 1111 001111, 0010111111,οθ 11-
nuem 1110

11111181. 111170. 111, 18.

11ἓ11111 matutinarum 111100 pecudum

11111811.88.88.188.00. 118111,
ree Flos-licia 11111 sperum 111,
78 1111111110 -

Fer„ (Ι fem) 71, ⁷⁹· xi, „e xffi, ιδ

Ferreque 1, 80

Fefflt 111, 8181 11, ’061 111, 2⁵0 181711 801
7117, 831 Ῐ, 871 1224&- 811, 88

Fere ue 1, 80 ’

111111 1188 prime iii, 00

11111111 1181.

Fere 111, 48

1111111111, 0

Ferebrr 11, 80

11111111 ii, 87

1111101111111 1111111111 11188 ·

Feret 111, 40. viii, 8. 1181111, 84. 111,

1111111 178

1111 regie 8 8

111111 1, 80

11111111 111, 47

1111111111 Saturni 111 88

111111 1,.84 ·

11111 810 111111111100 timidi· 11,

0111108

1111111 1178 11111111 1, 81

11111111 rerem 11, 70

11111101 810

, 1111111111,84

1111111 epri 11, 08

Feror 1180. 111, 01 ¹

Ferox 1111111 8 18 1111111111 11110 11111
111 170

1111111111111111111 111, 80

rem 7,51 m· 1⁰⁸· 71, 751 71181 87,
80. 1, 77. 1108. sii, 18. 081111, 08.
w· ils ”¹⁸⁴6- ιω· &10- li, ω· lii,
80. 00. 11118

11111111111111 188

1111111 11108

Ferre· iii, 88. 11, 78 ·

Ferret 810. 111. 11110. 111, 71

1111111 11, 87

Ferri 77, πο ix, Π

1811011801 ffilu⁸ 8,, “⁸ 11,st 7Ι,
88104. 11118. 111, 81 enno 111,
01 1101110818 stricto 1, 00 tecto 8

 

