lxvi 11811

11881 188. 11182. 11, 80. 84. 1, 82.
’8128621 111,.811401 1814819811,
00. xi, 48. 81. 01

“ 11811 1, 42

1181111811,88

188181 111, 88

118111 8 22. 1, 8. 14. 11100

1181111111 1, 80

Jacmis togis 1111, 08

,188181 11108. ι, 08

11818181

1181111180

1881811111 1, 80

118811118

,118811 8 14. 21. 11118

118818 11, 21. 87 levi 11, 01

1181 827. 1, 24

0181088818 vi, 42. 1, 10

Jamque 11, 80. 11147. 1, 48

June viii. 2. 8. 1, 28. 111

,1881 111180. 1, 41 Kalendis 111121
meme xii, 81

11818811 11, 84

sanim: 1, 22

Iano 1118

Ianthida 1121

11801181 ii, 80

1180111 111, 14. 80

¹Junut apertu 1100 18111171 sard·
118

,1188118 disertum 1,Ιο

,11881 11112. 112 pacificus viii, 80

hupida 1,11

lapidibus magni· 11, 80

Ibam 11, 80

Ibat 111, 47. xi, 81. 111, 82

thatin 1112

Iberi 1185 stabuli 1111, 28

Iberi· 11, 88. 1, 20. 08 terris ri, 18

Iberos vii, 82. 1110 truces 1, 18

Ibi 1, 80

Ibi· 114· xv ¹⁹· 18

Ibit 111, 8. 1,18. 11, 7. 111, 81

lbo 1, 41. 11, 24

1811888888 perniciosus vii. 87

1811 818. 1111, 88 Plecusa 1188

Ictu 88118 828

111111 EM 11111Β 111108

Id· 11 n· 81811 80118918 111 1

1118188111 11, 88

11188 818808 1, 08

Ideo 11. 118

1811111188 Augustis 11181

Idam [811811 1, 88

18888811118881181 ii, 2

Idus 1, 41 0111111118 materna 11114
octobre! 1, ⁰2· 811161

Jecur 1818111 111188 majus, ibid.

1111111114

semul· 1, 88. 111, 228 0181111111
’181180

11118 11, 87. 1, 88. 1, 88 11188118 1111,
80 88818818 122 lento 111121 mt-
1131181,οῦ 1181181150

Ignes nocturnos xiv, 42

Ignibus 11, 80 88ἕ1111811 111, 100

Ignipedea 118181 27

Ignis iv, 88. 111, 21 8111111111 111, 08

Ignoras 11, 20. 77

Ignorat 1110. 111. 11, 80. 111, 00

1311818118

1388180141

1888188111180

1888181111

131181ςαί128

Ignosco 11, 80. 111, 27. 11, 04

1311811111, 100 1851111, 18

1318118818 8 18

1388111828

Ignoti maria vii, 10

138818111οσ

Ignotumque opu· 11, 78

Ignotus 1, 80

1111111102

ni· 111 8881811

Iliaco ciuaedo 11, 48 ministro iii, 80

niaco· amores 111110

nia 111, 184

1118811110 hinnu 1184 88111111,

11188888 102

niceti 118181 111, 18

1118818111 unctum 11, 81

11111111

ι. 11181811 17 1818881811,οΙ leporem

111, Ι200
1118118118 inde 180811, panim.
11113181 damu 1, 80
1118181 minimo· viii, 81
1118181 11, 42
1111811818 111, 41
Imagine 11 27. 11, 1. 08. 78. 111118
tacita 1118 salu 11, 88
18131891188818111,00 ἱ ..
Imtginibus hirsutis 114818888181111,

Imago vi, 80. 11184. 11102 dim 11.
88 1111111111 plurim 111

habena damae 11, 74. 111104 1111111110·
111, 88

Imber Catali, ix, 10 subitus 111, 18

Imbro 1108 88111108 1111110011.
18 expresso xiv, 144

1181πὶ881 immodicis 111, 100

Imbricemque 11, 87

181οῐ118( Ν1181 180

11888181 11100

1181188 11118

 

