1112 11111 1111111111 m

111111111111] 11111111 111· 11111. vammum-ungui-
Ι11111. 11111111111111111111111111 111 1111111111111 1111111111 1111

1111 1111111111111111 1111 111 11111, 111111 1Ν11,1111111111 1111,11 11111·
munli, 11 111 11111 1111 111111111- {mim purpureis 11 111111111111111.
1111111111111111111111111111111 1111111111111111111111111 eom,
11111111111, 1111 1111111111 11111111 1111111 111111111111 111 tutem 11
1111111111, 11 11111111 11111111, 11 111 1111111111. (111 1111 1111 11111,
1111111111111111111111111111111,111· 1111 111111 1111111ςί 11111 1111, 111
111111 fronti· 1111111111 11 11111111 11111 111111111111 m 1111111111·
11111. 011111111111111 11111111 gui, 11 (111111, 11111 111111111111
1111111111 111111111111, 111. 1. 1111. 1111111111111111111111111111111·
n, 1111111111111111. 1111111. Mm-
1 Men 11111] 1111111111 judi· 11111. 1118111111 11 1111111111
111 vindicium 11111111. 8110111. ex 111111111111111111η111111
1111111111. ι811111111111111111 Sic 1111111111 11111 mm 11111
’1111111111 1111113 111 mmm 111111111111, 111111, 1111111111
enlm 1111111111 nuum 1111 1111111· 111111111111111111111-,11111111111
11111111111111111111111. 1111111111111111111111111111111111111
olma-giemum] 111111· 11111111 1111 cummanum 11
1111111111 11111111111111. 11111· capucium- 111111111111 111·
1111111’ 1111111111111,1111111111111· 1111111111 11111 111111111111111111·
1111 1111111111,11 111, 1111111111111 batur 111111 11111 1111111111 111111
1111111111,1111111111111111111111, 11111111111111111111111111111. 111·
111 1111111111, 1111111. 111111111111111,1111111111111·
11111.1,11. Aa 1111111111] Fi· 111111. 8111111111, 111111, 111111
1111111111 1111111111 1111111, 111111 1111111 111111111111 1111111111 111·
11111111 11111111, 11 1111111 1111 111· 1111111111111111,111111 1111111111·
1111111111,1111111111111111,11111· 1111111 11111111 11111111111111·
eunomianum. 1111111111. ’
11111111]111111111111111111111· 11111111]1111111, 11111111. 111·
11111111111111111111 11111111,1111 1111111] 01111111. Nm 11111111
1111111111111111111111. 011111111111111111111111111. 1&-
11111111] Prodit, 111111 11111- 111111111] 111111 11111111 edon
1111111111 atqu 11111111111111· 1111111111 1111111111111 11111111,
1111111111 1111. 1111111111. 11 11 1111111111 1111111111. 1111111-
1111111.1111111111111111111. 111111111111111111111. 0111111
1 mmm 11111 11111, 11] ’111 1111111111111111111,1111 111111111-
1111111111111111111111111111111111 111111111111111.
111111111111111,111111111111111111 ndu] Amin nuh 1111,
11111(1111 1111111111, 1111111, 1111 1111 11111 1111111111. 1111111111]
11111)11111,11111,111111 11111111 (3111111111 1111111111 1111111111
111111 1111111111 01111111, 11111 11· 111111111111111111111111111111.
11111111111111111111111111111111111 1 011111]Δ1111.1111111111111·
111 11111 1111111 11 1111 1111111 111.
11111 1111 emunim 111 111· 114111111111111111111111111
111 11111 ,1111111 111 1111111111 cygni 111111 compressit, 111111
11111111. 011111111111111111 111, 0111111111111111111.
finem 11 vulo: 111 1111111111 0& 111· 1111111111] 111 1111111
“Bardocucullus 11111 Ι111111111111 111111 111111 111111111 1111111111-
111111,111 11111 1111111 in 111111· 11. 0111111111111111 &cm-

 

