ΙΝ 11111111111111.

1110111 10111111,11

1101110111 sylvam 11, 11

Pluere 11100

Fluit 11, 00. 11, 100

numen ductile 111, 11

1111111111 pigra 1101111, 1 01111101

Flumineo gurgite 11, 00

flumineaque 11011 x, 00

fluminis 1, 01

mm 1, 10

11111111, 00. 1111111

1101010100111 1, 11

100110 xiv, 111

1001 inculti 11,00

roei· 11, 11. 11111. 1111, 10. 1,11. 10
1110111111 11110111 11, 11

roco 11000 1111, 01 Velabrensi 11, 01

Foco· explentom 111101 111101 1111, 10
florilegus 11, 01

focum 1, 00. 00. 1, 001 111, 11. 111111
uenenum 111 00

Foco· 1, 01. 1100. 1, 00. 11, 11 101101
xii, 10 perenni-1, 11 11111011, 01

focusque 1,11

10001110 1

rodim i, 01

10011101 111 101

10011 11, 11. 1, 16

1001111111 11, 11

Poe-da 11, 11

mna-m hydam 11, 101

rod· 11001111,11μο0111,1

redundo· 101111 11, 0

rodun 11, 01

1110111 11010 i, 01

1110111οο 10011 111, 11

10010111 viii, 10

100101, 11

Mo 01110100 1100

Femina 1110. 11110. 111 11. 1101.
101111.οἶ

1011111111 111, 00

1011111011 Rhodias 111, 00

Femina 111101 S 0

hminem 01101101 111, 00

= 1011111111 cathedras ἢο1

11110101 generi· 1111

femineis 011111οἠ 111, 10 01111111 11,
11 0010011ιί011 11, 10

1011111100 11111110 111, 11

Mum 1101101111 10

1010100011 11100 011011111100 Her·
1110110011οι 11, 00

, 10110111 111. 00

Peneum 11, 11

111100111-

fluum 11, 00

11011111, 101

101110 1 10. 1, 1

11

1011110011 1101011111 vagientem
11100

1011111

101110111110

1011111 11, 11

1010111110

Folium 1111, 11. 111011

Folle 111, 10. 11

1011111111011 111, 01

10111111,10. 11111. 11111 111111,

Fons 0111111111 1111 vivut 1100

1011101111 110110 11, 11 1101011
11 vicino 11, 10

10110111,00. 1, 01. 111, 11. 111111
1110011111 ucri 11, 01

Fontibus pumiceis 11, 01

1011111 11, 11

10111101. 11111. 1,10. 111110
1, 01

Fon! 11, 2· 1⁰⁴

10101ρὶ11111 supini· 111, 00

1010111110. 1111101

rorent 111110

Fores 110 1101011111,Ιο .

10111111. 1,110. 100. 1110. 1111,
⁸⁰· 13191 111111111ἣω1

1011111111

forique 1101

11011101 11101. 1111. 1110

1011111111. 00. 11, 01. 11, 11. 111,Ῑο

ronna 11, 101 primu itm

101111 iii, 01. 111, 100

Poma 111110. 11,11. 11, 01

Pomaque 1111

1011111111 11, 11

1011111101 11101·

1011110100 11111 1,10

ruminum 111 1,10

Formica 1110. 11, 10

1011111011, 110

101010111101

Formosa 1110. 111110 1101111111,
11 11111111 11100 11011101

Formosum 1,10. 11111101 mmm
xi, 101 faeiem 1111 Glyceran 11,

formosianam .

1011001110111 1111, 01

10111010 corpore 1111

1011110101 11110

formosus 1,10. 11110. 1,11 Cant
pulvere 011101 hessi 1111, 10

1010101110

1010100011,οΙ

10111011 nigri 11101

1011111 cltum 1, 0

10101111. 11101 0011011111, 1 111.
plici 11110. 111111

 

