11

Am 1111. 1,11

Ambit 110

Amabo 1100. 111110

0111111111 11,οθ

Amant 11,0

0111111111 viii, 01

11111101 iii, 11. 11001

0111111111 1100

0111111100. 11,00.·11,ω. 1, 00.

Amarea 11, 00

Amet 1, 00.Θο

0111111100. 11100

Amavi 111111 111, 04

0111111 11110. 11104

11100110111111110 011108

0111111111αοὶ1,00

Amas 11,0. 1100. 11,1. 111, 44

01111111 11111

ΑΜ 1, ω’· ⁵0· ω· 861 m, 8· ¹⁶·
00. 111000. 1,10.00. 11, 0.
04. 001 01. 111111. viii, 00.
40. 04. 001 01. 11, 10. 00. 00.
00. 100. 1, 00. 1140. 11111.
⁶2⁰⁹· 11118011191 lif, 1011 165

’0111111111 11, 00

0111111101. 111, 111 frequens⁴ 111,

Amorem Jovem 111, 001 1101111111
111,100

Amutrium 1111111 11110. 1,4

Annuit 11100

0111111 11, 44. viii, 11

Amwnapeluum 11, 100

Amazonicus 11, 40

0111111101 1100

11111111

Ambitione 1111 11100

Ambitiosa 11,00 1111111100 1111111,
01 tellus 1100

Ambitione lepus ἱ, 00

Ambrosia 11, 01

Ammiu dflW iv, 81 ’,1111091001
111101

Ambulute eoem 11140

1111011111 11, 00. 1104

Δ110111111111111111,11 Trmtsuerinus

Ass’bffptve· 111, 00

111111111οΜ

,1111111 11, 11. 111110

0111111111Αο

0111111100. 11100

01111111111

Amos 1, 40. 1111, 00

Amet 1, 001 1111100. v, 7. 01. 111,
0000. 111100. 1110

01110111ῐὶ11 lm 111, 104

amethystina 111111 101

111 DEX

Amethyuflmtnu 1111

011011011111111111 1, 40

Amica 111, 00. 1, 11. 11114. 1140.
1, 00. 110100. 1111187101.
11, 00 111111 1,40 1111111110·

Amin 111111011111111 1, 00

Amico 11, 0. 1110 11110101110
111 100

Amie'm 1111. xim agan zm
1111111111111111111111,1011Ι 1111111111 11
04 11111111111111,00 abtum 11

0111111 111110. 11,οδ

Amice 11, 01. 1, 00. 1101. 111

Amic! 1,50.111111 111111 10, 1⁶· '2²⁵⁸
1100. 111, 00 carlini 1111111111
1111, 00. 1,10 selim 11101 munti
vi, 00 pares 1, 41 1111111111140
veteris 1111, 10

1111111141. 11110. 11, 00. 1,14 111111
1,Ιο 1111111111 11111111 1, 00

0111111111 11111 11, 01

Amicitia praetextttt 1, 00

Amicitia 111, 00. 11, 0. 00 mus 11,
100 fida pectus 11, 10

0111111111 x, 44 11311111 1,10

Amico 1,]1. 11100 11111110. 1,
44. 111, 01 diviti 1,10 111111111-
11111141 1111111100

Amicorum iii, 1. 'iiim

Amicos 1114. 111. 0011100.οθ a·
1111111,οὅ flentes 1, 10 {ultumum
1,00 1111111100 11111 im reu·
1111111111 x, 11

011111111100

Amicum 11, 01. 11,10.00. 1,14. 11,
00 sterilem 1,10 11111111 11114.
11, 00

011111111004. 11, 14. 1, 00. 111,
00. 111110. 11010. 100. 111,
40. 11101 0111111011101111,
0 frequent 111110 1111111111, pm-
011,1111111111,10 11111 11, 40
mugnus iii, 40 novun 111, 00 potem
111, 40. 10 1111111111,100 vetus pb

....“.“.“ι“ι’.“1ἰ.ῗ1126

0111111100. 11114. 111100

Amissum maritum 11, 00 putrem i. 01

Amiternus ager 1111, 00

Α111ω10118 11, 01 Π· 'ivm

0111111111,10

Ammianus 11, 10

Amne Aonio 11111 rigido vii, 00
’1111111104

Amnis 1111011111 111, 00

1111111111,1

Amne 11100

 

