11 1111110101. xxxiii

1011110010. 10, 88. 0117. 0, 81. 01, 0100 lubricum decenni compede ix, 88
79 1101101188 11101100οω010πο 10, cruentumque 11198 “
81 ¹ 01001001011101100 0171

Criminis ii, 78 01]01011010,7·1. 0,(18. 01174 candido

011000 0, 87. 10, 87 nitent 011, 88 000110 011177. 0, 18 magno inm

01010ιὲ 0010010 01, 89 10101 011, 88 010310111οι 1, 84. 010, 111 1011110 10,

011, 99

Crine· 111, 88 00001111 010, 88 10100 1, 88 Crystallinisque iii, 88

0110110010, 94 000110 011, 88 00010110 0010001 111, 91
10,180001010011,8810011088 001011,118.0,1

001110 0111, 77 0101111100 0, 88 Cubicularia guuorplnn 010, 147 1000110

Crinito torbae 011, 89 010, 89 0010110110ιί0, 188

011000 010, 98 00111010, d. 011, 87

011000 0,11 00111110, 7. 0, 88

001001 0,8 001111 010101 111, 88

01100100 01199 Cubitisque 111, 88

0110010000111,18 001110 0111, 89 dexteriore 0, 81

011000 10, 84 0000111111010101010,189

0110000 01188 0010111001, 98

01100οΙ00 0, 81 0000110 0, 18 00110 0, 711

01100000, 88. 010, 191 00001100 1118

0110000 0, 88 0000000ιο 0, 79

0110001010,888 cucumis 100100 01, 18

01101010 0000 010, 888 cucurbitarum 01, 81

01101011 00111 10, 89 0001111118 1881. 88

Criton 01,88 001 so

croceos 01101100 0111, 88 Cuique 10, 88

01001 rubri 0111, 88 Cuicumque i, 48

01000 Corycio iii, 88 cutroni, 8 effuso Cujus 1, 88. 11, 88. 88. 011, 8. 11
0,88 . Cn'uodrun 018

Crocodilus 1111100110 111, 98 00 citu 01, 88. 010,119 fragilis 0103188

000000 0, 89 innuis 0, 88 0111001001, 81

0010000 018 00100 0118 Adrianus 111, 98 Virgilii

0100100 01187 010,188

0001101, 89 00111181. 0199

01000 nou 1010087 Culicem 0111, 88. 010,188 0010010101 0111,

cmm ingenuum· 88 culino 010000 0111, 87 10010 01187

01110100 01, 88 major 0, 84

010110 111, 18 000110 011184 001100010το 0, 88

000110 virgine 1100110000 01, 48 0011001 1010010198

0101100010 Albularum 10,4 culinum 0, 88 nigrum 1118

010110 ’1100010 10, 48 00110 10, 88

00011010 goudium 111, 84 00100 01, 88 00110100 01178 delicto 10, 81 tulta 011 ,

0108818010,18 ’ 78

0001101111, 78. 10, 81. 0111, 14 iunius 01, 0010101100 0010101010, 4
84 Nero 01181 0010 ii, 81. 01188

010801000011101, 91 Colorque 01,88

Crudum ’001011011000000111 00100 01, 79. 010, 178

0101100 11, 18 et 011100 agricolo 011, 00100011 1181
78 00110 Bononio 111, 88 10000110 hrt·

0000010 urgeri· 1, 17 0010 0,8 (1010000 011188 jugero 01,

01000100 80110 018 89 100000 0,11

0100ιο098. 011, 88 0100100010, 88 00110

0010001188. 88. 88. 111, 81. 01, 88. 01, 001100 0000101100 010, 81
88 01010100, 81 0011110111, 117

01000 glaber 011, 88 ligneo 0, 188 0011100 0, 98. 010, 88

01011100 01, 87 genioque birontio 0, 001110 courir 0, 88
uo 00110 cliente 10, 88 Jove 0111, 88 ’ ,

cruribusque 111, 88 001100 0, r. 0, 98 ditissimus 01, 78 00-

91101. 01 Ver· 0100. ind. 11011. 0

 

