1111 · 111111

1111111111, 11 1.11.11111.111,111 jucunda 111,
Ρ111111111111,11 11 1111111111
Ρ1111111οω11111111,11 1111111111. 111. 111171. 11, 11.
Pinum 1111111111,11 xii, 11 gemmam!
1111111111, 11 piumve x. 91
Plutona 11111Ιὶ11111 11,11 ΡΙ111111 111
1111111111,1.17 Plurima 171. iv, 71. 11111. 1111.
mauditum 11110 1111 11111111 11111171 1111
1111111111 11111 111111 11111 11111111,
Ρ11111111 11111 11 1111111111111111111,1ι
11111111111111111111 1111111111 1111111111
Plautum 11, 11 Plurimus 1,11. 1111 1111111111
Plautumque 11111 hospes 11111 1111111, 11
Ρ11111111.19. 111 11111111. 1111111. 111111. 11
Ρ11111119. 1111 Remi 1, 71 11. 111111
Ρ1111111111111111111,111711111111 11111811 1111111111111,111
Ρ11111111111111111 Ρ111111111111111111
1111111117 111111111111111 1111 Plateam viii, 11
1111111111 Ρ111111111111111, 19
111111.. 1 mavia. 111, 11
11111111, 111. 1111111 111, 117 11- Pocula 11119. 111111. 11, 12ss-
1111111111 “ 11. 111. 11. 1111. 111 11. 71.
11111111 11111111 111. 111 1111111111 xiv, 11 dulci·
1111111111 11111111111 1111 111, 11 11111 11111111, 111 Ι1111111111.
1111111111, 11 1111111117 1111111 111 median 1111 mum 1111
“ 1111 mixtu 111119 nobilitat· Mentore·
Ρ1111 111, 17 11111111111111111111111, 11111 1111 11111111
11 Podagr- 199
Plenam 11111111 111, 11 1111311111111111 11111110111111,91
Plau 11111111 1111 111, 19
Pleno 1111 Ρ 11111111111111,11
1111111111 1117 111ᾶὶ111111
Ρ1111111,111 Ρ11111111111111, 17
1111111111 11111111 1111111111 11111111 11111
1111111111, 11 Ρ1111111111111,11
Ρ1111111111111,11 1111111111111 11111
Pion 1111 1111 11
Ρ1111111111,77 1111111 1111. 111, 71 hilm 111
1111111111 dominon 11, 71 11
Ρ11111111,11 1111111117. 111119 dignum 11·
Ρ111111,11. 1111 sanda· 111
Ρ1111111,11.111111.1,11.11. 1111 11111111οά111
1111111111, 11 1111111111 11, 11
11111111 11111 1111111111 11, 11
1111111111 Ροὸ11 11171. 111111. 111, 1. 11.
Ρ111111, 17 11, 11. 11. 11. 111. 11. 111. 1111.
Ρ1111111,11117,18 uo {inm Mul 81³,oe m
Ρ11111111,17.111,11.111 riuum 1111111111. 1111 1111111
1111111111 Amycla- 111, 111 111 111
1111111111 11111 1111111111
1111111111 111, 119 Ροὸῑι 11111. 1111111 11111111
num-mim* ι 111111 (inci 11, 11 quindecim 11,
Ρ1111111111111,11 1111111111111,11 1 111111
1111119 roem 117. 71. 111. 111. 111,
11111111111111111111) 111 111111111111 ’
plumbeo· :M 111111111111. 1111. 11
num 111111111111Ι ¹ 1111111111. 11111. 11, 11 m
11111117. 1, 11. 11117. 1,11. 111, 11111 1111111171

 

