ιιι ιιιιιτιιιιιιι. xci

011010111111551 mximum ’111155 1100111011, &pedm ι, 15.
1111111111οΜ1, 10 01011κο1011154 1110001001 1155
01111111ιι111,40. 11115 Μ11111,.55 1,5οΜ
01111111ιί11 04 0111111οι11, 40
0111111055. 111, 55. 11, 50. 111151. 01011111,Ιο 11,15. 111, 155
0111110111,155.,40. 55. 11, 1150 011111111110. 1,54. 11155. 111115.
111,15.1111,50.00.11,.11,5.4 51.150..11,501110
00. 11,55..55.55 11151. 111,.50 01011144. 045 54. 11,.01 140
14 , 1145..οΙ 111141. 55. 51. ιι 15.
00111011οι011, 55 111, 55. 1111111111. 101105. 115
0111111111, 115. 11, 50. 11100. 1,55. 111, 10. 51. 50114 >
11115 0111111οΜ ιιι, 01
01111101 1111, 0. 1111, 55
Mirantur 11155 ,
nimrim 1150105 0410111, 50. 111, 51. 11, 40 1, 55.
01110111,10 xiil. 105. 111, 11 511111 togn ι, 14
11110011, 55 1011111111, 55 10411111,
0111110155. 11145 0110110105
Miri Coloni 1, 11 Μὶιιίο 111, 50
01001154. 11151. 54. 11, 50. 11, 0110111155. 1111, 11
00. 111115. 11, 0. 1154.οὒ 0111101οι0 1, 51
0011001 11, 15. 11, 5155 0011111114. 11,00.00. 111. 01Ϊ
011101111151. 1105 Μ111111011,51
0100111110 Mite 1,05 ·
0100100110, 115 Mithridate· 1, 50
0111111110 11, 104 011111ιί11ιο10ιο bellun 11, 10
Miscentur 11, 15 niti· pom, 45
0010111110. 11, 15. 111, 115 01111001 herba 11, 15. 55
Misceri 11, 58. 1111, 0. 1111, 105 0111131111, 44
1101011110, 1,100 Μιιιο1110001181 clamoris, 00
0111001 1,4. xi, 55 , Milium 1111ιί1, 45 1101111111 nu
01110011 111, 40 . 1.11 tellus 1155 vindemia 1111,
01111111 viii, 51 100 0011111, 05
Miseni quadrantes 111, 5 011ιο1100 οαι1“ 111, 0
Misenus AEthon 11175 0111010001111 0 ’
0111111855. 1,100. 11, 54. 51. 11,5.01111ιιιι11114111010111,51 miuus„
ll. 11055. 11555554. 111, Minas-mii. 50
00. 111144. 180100. 1150110. 0111111111501101155 .
111, 54 01111111150. 1115. 1155. 11115
mnia 10110111,5 00111ηο111, 51
Μ11011011111, 15 011011111151. 1, 51
01150ηο0011, 11 , 1110114005. 11,74.11,50. 11, 50.
0111111δί1101νί, 55 1, 50
Mum 0111110114 01110000 111155 011050111150. ww. 11105 .
1011111 5 15 0111111111 111, 55
mummi, 00 0111101111 14 1111110111 11101,.15 .
01110111111111111,54 opum Mittere 11,14. 1105
Miserat 11, 50 Μίῐιιιίι 11101
0101151οῇ00. 11, 01. 1,50. 1101 0111111101
0111111 11, 10 0111100111101 Cinna 01111111, 15. 111, 155 .
11, 55 0111101011050
01110055 4011111, 10 011111111100. 1115
0101010010, 51 Μ1111111111,10.1,.1 111, 15. 40. 11,
0111100110 50 55.1,.04 111115
05000111, 01. 55. 1111, 15 1010150 01110111, 55. 1, 50. 55
1010111040 11101ιί105. 111115. 11,10. 1,181
0111001ιί11,5 niundon ιι, 5 cunno· 51. xiii, 10 01
11, 40 , Μ111110111, 40. 11,.1 11, 50
10ιέ1111110. 1,55. 1,511 caput 0111011140 1115 11·, 155

 

