lx rnonx

Getides 81100 r, 14 00101111 11, 40
0011010101110 111100 1111011110 xii, 0010111111 11, 88

80 Generis 1101111101 1147
Getides 11001 1, 18 11001011 vii, 88 Genero 111100

111101 1, 71 , 0010101 xi, 88
Geiidi Decembris 1, 87 Generosa 11108 (100181 xiii. 118
0011011 equi· 111, 88 pruinis 111, 81 0008010111 144

lacctantius 00111118 cruribusque 81111111 1,88
0011110010 11, 88 1300010811 11, 18 110011 i, 78. 1118
001100111001 xir‚l 0111011110. 1188
Gelidum enguem 11188 1111001011ιί1, 00111101 xii, 81

87 1113111111,οΘ ’1181111104 0001101 ii, 81. 11118 80111 111180
00181111 11188. iv, 80. 1, imi)- (1111111117

110880. 111181 00011010 1110 1188 111111,Ιο
Gellianus 11, 00 Genitos 11, 88
Gellius ix. 47. 81 Genitrix 1, 84
0011 11101 00111010 11, 80 8180110 0011110818. 188

11,18 Genitor x, 08. xii, 00
0010011111,88 Genium 1180. 11118. 78.
1101001101 xii, 40 001181180188
00011111 111 · Gente 1118 nnn· 1888130811
Gemens 1171 11,00 0101011108 1111011104
00010101 11, 87 Gentem togatam 111, 184
001001 111181 Gentes 111, 88. viii, 81. ι, 18. 08.
Gemino compede 11180 10110 11, 40 11188 8110111011111,11

Symplegede 1188 tigride 1111, 80 0111010110 1110
0001ου10101 11188 011111,Ιο 00111801 11, 88. 1, 0. 1108. 1114
Gemini 11188 curros 1111, 08 1111110111 xiv, 180 (3011180111 1, 80
Geminis 1111 1111, 81 0110111811 int edomitis 111108 Libyen ix,8 per-
000110888 1110 ii, 88 0010110101- domitio 11188 ’

11000 ix, 104 8010101118 80110 riv, 000111 iocunde rii, 88 81111011, 8

17 perfide 1117 1101011104
Geminos 11, 48 10 01111177 0111001 Gentiumque 1118

181 11101001 88 Genu 1,14. 11100
00011 i, 107. 11117 Genuit 11, 100. 104. xiii, 88. 100. 118
Gemit 11188 Genus 1, 88. 11184. 80. 11118 811-
Gemitu 1188 menum ix. 48 immixtum 881 1011
00111111 x, 80. 88 11111111 xi, 01 lere 1100 omne 1188
000111 11, 88. 1180. xiv, 04. 188 0011110187

unte 111188 1001011111, tt 11001- Geram 111, 41

ne 11, 80 1111100111οο 1101111110 11, 0011111188

14 00111 iiii. 81
000110 11140. nihilo 01811180 001081111108 ..
oefflduit‚vi”r'⁸{ ΡΜ ¹¹³} 01111 if ’dini' 8181, 11111111. 11. n.
000001011111 1111, 70 lecti 11180 88. 111881. 111,180.108
0000101801 11111 11, 81 0011111 x, 108
000101111140.108 ptum 1,11 ei· 001101001108

01101 11, 81 1111001 ix, 01. 1187 0010011118
0000111 0111001 111, 108 0010010100111101181100 118
Gemmatum 101111 111, 100 Germanice 1,18. 111, 01. 1111, 4. 88.
00011001 10011 11, 47 88. 88 100011 118
0000101110 10101 iii, 88 Germanicus 1,8 101111 11114
0000011111 11180 11010118 Germanis 11180

, 00111111, 88. 1177 00100101111,8 (1001111184

nirenta 11, 88 108111 1111, 80 001101 111, 77. 11188
0010111171. 11, 71 Geryonen 1, 48. 88
0111011101-11,88 00110111 11, 88. 108

 

