lxxii 11111

113111111181 ix, 18. 1118. 111111
sagulatis iv, 18 11111 11, 88 et legum 1181811111 111·
113111818181 111187 ·
saguli 111, 87 1111 iv, 18. 11118. 1, 88
1131111 1188 1111181. 1188. xii. 88 1118111111,
Jugulum 87. 11,18 88 omne 1188 1111188111111111,
11 m nde 1178 18
1811111 11111 1188 11111 1188. 11, 7. 11, 88 toga 11, 88
1181111111 11188 1118811118 181 aque iv, 88
11118118111111188 1111111117. 1111
1111118. 11117. 11, 88. 11181 ca· 1111111118
11111181 ix, 88 1111111111. 188 1111111111
1111111818. 11181 11111188 1111111188. 11, 88. 11, 88. 1, 88
tectu 1188 11111111 111, 81
1111111111 numen 11,8 111111 1, 88. ν, 81. 11, 7. 1811. 1, 88.
111111118188 78. 1118
11111111111111181111111188 111111817. 1188111188
1111111118. 1,88. 1188 fervens 1, 1118111111,8111111,81

88 11111 11118
11119181811111 8 1111111 i. 18
1111111111 111811111111 1111111 1188
118811 bis trieteride 11, 81 sustinuimus omnium 1111111 1, 78
111111111118 11111111, 78
Junci· 1111111 111, 118 11111 xiv, 818 mero 1111, 18
11811118 88. 1, 81 11111111118181 iv, 88
sanctia capri· iv, 88 ¹ 111111, probus, 11188181 vir iii, ⁴⁴ eque·
118111 1118111188 sodale ι, 87. iv, 17
Iunctum nomen cognato unguine ¹⁴¹0 ⁴⁴ 1111811 xiii, 8

1181111181 1111111111188. 111, 77. 1188 ⁹.

sunam ⁴⁴9⁰· duno ¹⁶· Vipan Χ, ’81 591 Χ1111181 ι118

11111111, 81 1188

11831111, 1. 1, 88 111111 1, 88. 11, 181

1181111181 1111111 11111

111118111118 11111111. 188. 11187. 111811· 11.

1111111111. 1111111188 11. 11111111. vit, 11. 11. 11.
1⁴9⁴& 1⁰⁴ n· 8111, ⁸· i¹l⁶⁴¹ Ζ, Ἡ· ω· manli,

111ιῃοηειιη889 8018711041 81118186

1111111111, 88 11111111 11181

11111111 111, 88 1111111111 11118 facunde 111, 81

1111118181. x, 78 1111111 mmm 1111

Jupiter 111, 88. 111119· 1111191 ’¹0 11111118 (111118 111, 88 Ninum 1111.

11 11111. xii. ι1. 11 021>in- 1111111 ..11

1811, 88 , 111111 111, 81
1111188. 11181. 111111· 111111· ¹» 1111881 1188

11111111 mu 11111811· 1....11111... 1.,11 placidi· 111
11188. 111181 111181 8111111111 mfi, 5, 105
¹» 1111 1111111118 111. 111,1

18111111 1111. ⁴⁴ 11111811 geminos 8 88

1111111111. 19 1111811111111111181811 11, 18

jum 11149 11118111 111, 88

111111,88. 1178 11111111 81111111. 1, 88. 1181

111111111181 illesum 11,81

111111111811118· 11118111111,88.111,8

1111111111. 7111· 11111 ⁸¹ 1111811 11, 78. 1, 71. 11188. 18. 51·
,1811111 n, 88 xiv, 11 1118111111, 88

11111111 1111 .. 111ωας111,1.11,88111111,88 oe·
111111. v, 11. 111111. 11158· ...1111111111

 

