111111 1111111

11111 Cantibus 1, 108 mnu 1, Mauo 11, 1111111. 111118 cuphia
80 parca 111, 88 piem 111, 88 Pom· xi, 78 01111111 111, 08 demto iv,⁹
gnam ffiffithssssunngng 11ΙΙ 1ω111111ιιὶι181ῆὶ ὥ, ω 'umido
Ι 8
11, 81 1111 11117 1111111118 11, 1111111111 1,41 ¹
80 11111111 11, 84 solida 111, 111 111111 1111, 48
mu 111, 177 11111111 11174-11- 1111111 118871. 1111111 11111.
lacior 111, 808 1111 11, 88 mollem 111, 88 1111111111
”nmque 1111611 Vi, ⁸⁴⁰ αν xi, ω 11111 ’κ ”m ι, ⁴1 ’ ’“ “
11111111 (1111111 1, 80 Pon 1111, 80 Maritus 1111. vii, 71. ix, 40. xi, 88.
111111 11, 80. 111 80. 88 madente ii, 81. 11111. 88 improbus 11108 111-
8711111111 1111, 80 1111111 11, 48 111111, 71 1111311 peeoris 11, 78
1111111· 1,18 111111 111, 78. 1, 87 . pessimus viii, 88 1111111 111111 et [11311
Μ1111111111,8011181111118,80 1141 ’ ·
1111111111 11111 Maium vii, 87 -
1111111 quatuor 1111 1111111 1178. 1, 18. 11, 81 ,
1111111111 887 - 1111111111111 1,14 11111111 11188Ὶ
11111118. 1, 29:oe- 11, 11. 11178. 11111111 1, 88. 18 1111 11118 11111-
1, 78 - 1111111111 11180 inquiet· v,8⁰ pnr-
111111111111111 11, 80 11 1, 88 ·
Mucella xii, 81. 81 1111111011 vi, 88. 111184. 81. ix, 8177.
1111111111 (11111111701113111111111111184 “
ΜΙΝΕΙΓΜ 111161 VM& 11, ⁴⁶ hfio ix, π tortio 711, ⁸1
1111111111 111, 80 Marmorea 11111 1111, 88
1111111111 1111 1, 78 11111111111111180
Muci 184 - . 1111111111111 Priapum 11, 78
11111111, 88 . 1111111111111111111111111111 111, 174
mi 111, 87 Μ11111111 x, 71
uncum 1, 81 11111 11180. 111111. 11, 48. 87. 111,
Mum 111, 8. 11, 47. ix, 108 Antonius 87. 01 nitidus xi, 84
1, 88 Μ111111,88. 1, 81 11111 1,Ιο
Huc 1,87 1111111104 111111 111170 1111111111 111, 188
fluentia 1111111111, 800 Marones 1111, 88
1111111111 1111, 88 1111111 magno 11,14 1111111 1114
Maeotida 11111 11, 48 1111111111 i, 11
111111 1188 1111111111 ixa 1111111111 1111111111 11, 70
,117 mm 11, 87 11111111 1, 88. 11, 80 mgni 1148 11-
11111 longo 1, 80 1111111111 1, 8. 111, 88 1111181111,188
Mam ii, 81. 1, 01. vi, 88 magni xii, 88 1111111180
mrim 101 11111 ix, 48 1111111188
1111111 1, 80 1111111111111111 1111181
Murice 11111 111111 11, 71. 77. vii, 80
1111111 111111 1181 1111111 111111 111, 110
8111111111. 11111 111111 111, 08
m ι, 88 Marsosque viii, 88
Maio 11111111 Μ11111 1, 8. 1111, 88 levis 11, 88
1111111111 11, 10 Marsya 1184
und» 11, 81. 1, 81 AEgel 1184 ignoti Marsya 01111111 1, 08
*1111 .. Μ1111 1, 80 capu superbus 1111111 1,
uniam 111. 07 11
1111811 11. 18 11111111 884 1111111111 vi, 81 11111111
1111111111, 11, 88
Em fqufi, 81 1111111111111111 vi, 81
1111111 11. 88. 11181 111111 11. 88. 88
1111111 188. 11178. 11111. 1, 88. 88. 1111111111. 11, 10. 1108 Rom '2
11107 wi 1111 olentis 111. 140 10 signu 111 111111 14 voluptas 1,
11111111 xiv, 811 84

 

