1111

01111111110

01111111 11, 11

01111 1111, 11. 70 inquom iii, 01
0111181. 11118. 1100. 111101
01111111 uui-eu· xii, 71

01111111 11, 10 111111 ix. 00 111111

011111111Ιο 0111111111 111188

0111111111111 im

01111111 cuuto i, 110 exigua 111, 87

eaffilfflddotd iii, 88

01111111 181

enum 11111

0111111 111, 18

011111111111111111 i, 10

011111011181111 11101

01111111 &maincia 1,7

01111111111111 11, 10

01111111 foeminei· 11, 17

0111111 1110

0111111100. 11, 71

cathedr· 11, 70. 1108

01011011 rapu xii, 18

011010101011 1111111111 1,11

0111110111 1111111111 111, 01 11111111 1, 77

0111110111 11, 11 1111111111 111, 18

01111118. 110 1111111110 111111
11 , >

catonem 11, 88. 1118 ,

0111111011011,18

01111ιί 1, 01

0111111111 1111311 11, 88

0111111 1188. 1110 consummati 18
0111111 1111111178

011111 111108

111111ωο1111 1111, 08

caui· 11110

011111 11111 1,Ιο

011111111 ‘ 11111

0111111 vii, 01

0111111 11, 08. 111, 71 01111 1111, 78

011111111111111111,0

11111 11111. 111. v, 11. xic
01111111,100.108 1111101110
1111111111 01111181

0111111118. 1,101. 111, 08. 111, 77.
180 1111101111 (1011011188 1ο·
uero 11111 uuo minor 1, 78

01111111 11, 11. 1, 0. 111180

eamque 111111 11, 11

0110111178. 111, 808 11111 111, 71

11111ωῆ1ῗᾶ161

0110111 11, 18

011111,101. 1180

0111111100. 111, 77

Cum 11, 08. ¹1². 88

INDEX

01111, 111,

01111111181

0111111 111,11”

011111 1178. 78. 1, 78. 11108

011111111111

011111111108

0111111 1, 70

011111 10111111 xiii, 17 1111011 iu, 17

01111 ι, 07. iii, 08. 111, 01 111111
11108 , ’ ’

caupone 117

0111111 111111 ,

cuin iiflutwn iii, 081001 ,801861711
88. 1, 10. 71. 70. vi, 08. 1, 10. 11.
li, 091 {iiddom dd! 000μῦ0 bon·
111110 111111100. 111181 magua
v, 11 1111111111

01111 1, 08

01111180 ,

cmm 801081, ἵίἰ. ωοωι 7118187101·
111088 ,

cumnis 11,7

0111111, 18. 80. 11, 7. 10, ui, 18. viii.
7.10. 11, 18

01111111 11, 10

011110111 1,18

0111111111 11, 8

causidicis 1180

causidico 1, 70

0111101111 11, 10 111111 11,8

Causidicum ii, 01. 1,10. 11, 08

' causidicumque 188

0111101111 ii, 01. 1,10.1 11, 11. 111, 08
effi, duilio

01111111 spuma 11180

01111Ρ1111111 1110 111111 1110

. 0111101101 1,1

011111 111. 111108 bomo vii, 100

0111111101

Cecidere 11, 10

Occidi 1181

Cecidit 1118

Cecidit 0. 00. 11, 1. 1, 10. 11, 18.
1111, 80

01111111111111 1,1 dote 11108

cecropia 1101111111111111 i, 10 Mi-
1111111111 111111 Cecropia
11111110 1 111

cecropia querci: 1, 01

cecropio iv, 11 1111111111 11 monte
1111

Cecropios 11111 1111, 100

Cecropium 111111 1,11

0101181. 11118. 1111, 00. 111, 108

1110111187

cedem 1, 01
01011111 oneri 1111111111
Cedend- 11111

 

