ΙΝ mmmm.

1111111111 11ἰὶ, 11 ’ 111 priorem& '
111111 11, 40. 40. 1111, 44. xiv, 144 11111111 11, 11 ’
111111111111111111100 1111111 vii. 11
1111ἰά11311 v, 10 Turbata Crysullin 1100011111 101,
1111111111ςί1 11, 18 111
1111111111 11111011 11111111, 181 ter· 1111111111 1111 100
1111011111, 44 111011111111111781111111111,117
1111011111,0 . Turbida 1011111111410111111 11100
1111101111 1111111111 1, 104 111111111111111111,10 . .
ΙΓιιεςοίί11116ἲ87 11141ιὲ11 ρὴὲαῗωιζξᾱίιιτϋὶ, 10 euni· 11,
umor 1111, 111 111,
Τ111111110111111,01 1111111111, 10
1111111101οω 11, 41 11101111111111111111,11
’111111111οω10 11101111, 00. 11, 00 vagu 11, 11
1111111111 1118 1110111111 71 . .
11111111 11, 11 10011111177.11,10.1111,01
1111111 11, 11. vii, 00. 11, 10 nobiliore 11101111 11, 11
1110 1111111174. 11,1.01.1,01οω111,01
1111111111 vii, 87. 111117 1111111111 1111111, 11
11111101111111 10 1113111111 47. 08. 111, 41
1111118 11131101101111110 -
11111 1181 Tumidum penem ix, 10
tunic· 1,11 1111111111. 11, 40. 11111. 71
111111 moade picti 1111111 1, 0 111111- Turni 111, 07
’1111111111170 1111111110 ’
1111111100 1101111111, 141 11111111,00.11,71.1100.11110. 11,
'Punicaque 11 104 40 guttur 1,11
Tunjoem Χ, ⁸10 ὼ. ¹⁶⁸· ²11 TW 71111191 Ι, n binum 11 m
1111111 molem 11, 87 pingues 111, mmm 111,07 11111117 -
141 11111101111111 11111114 ulcero
1111111101, 1 quies 1, 01 11171
111117 1111101141 1111111111111141
Tuoque 1111 1111111111 1, 70
1111111111, 10 1111111111 vii, 07
11111110111111,17 1111111110. 1, 81. 1,01
1111111111, 14.104 1111111110Λο
1111(1.111111) 1, 111. 1101. 1111 1111111110
u· li, ¹⁰⁴0 [111108 ψ 1111181 ω· ΤωήωΙ. dv, ιο
11114111111111, 10 maiorem 11, 11101111010111111
11 11111111111111110.00 pingui· 111111
11111011. 111. 11111. 1111. v, 1. 111111111111111,11
κου· ''poum- 11, ⁸⁰· ωι 1918· ormam
40. 111100 cotem 11118 candidu 111111111111111111111Λ8
11114 11111111, 11 0111111101. 1, Tum 11111111 11111
10 1111111111 111111111117111· 11111 11111
11104111 1711111111111111111 ,111111111ιί,17110111111110 fictili·
1110 111111411111111 111101 1111111,οθ
1111111111 obvia 1101. 111100 111111111110111111117
. 1111111110. 11111 111111117111· 1111111111Ηωί1, 01
1101111 pin 11111 11111111,οῠ 111111111111,11
11111111 11111 trini· 11110 stain 111, Tusculosque 11, 04
00 1111111110 1111111 11141 11111101, 10 111111, 11 quen 111110
11111100. 1111. 1, 7. vii, 100. 1111, 1111111110
01.111,1111111111111,10 11111111 1111111110.1,10 1111111100
11 monnau 111111, 11 11111111. iim Μ
11111111111171 1111 1, 10. 111, 01. 111 0111101110]
1111111111114 1111111110 1111111 1111111100 11111111 11, 10 0111
1011111111011111111111111117 111111111147
1110111 114001. 11100 1111111110 1111111107

 

