mii

0011111181 11188

conmuni· 1111111111 111, 88

Cosmiano pingui 11, 18

08111111 8011111111 11141

cosmica, 111, 41

0111111111

com 11, 48

cmi 11, 18

cothurnati 8811111111 1, 8. 11188

0811111111 Romani 111118. 118

0111111111 111, 88

cothurno Sophocloo 1, 88

courum· 81111111818. 11188

0111111111. 11188

01111 i, 18. 84. 14118188. 111, 88

cotto 11, 18 -

cotula 111111

coturnicis x,8

0811111188

com 11188

61111111

0111 1181

0111111111 1184

0111111111 1181

01111111111111 11, 88

cmm aquo 11188 lacerno 111188

011111811811111 11, 88

011188111811111 11, 8 bulla 1111, 88
11111, 11118.

curuamin- 111, 18

Ormi· 111811 11. 48

011118181811,48

011111111111111,18

0111111 118

cmtim 11118 1111118

0111111111 11188

0111111 11118 corneo 11188

01ἰ1ἑ111111 eum 1111 111, 881 pom,

01111111 11181

011111,188

cmm· 1184

010111118. 111188 &ebrudun-
111 1118 111111111181

cndu· 11, 81 'a' “⁸oe

0118111111, 14

0118111181

011811 11188. 11,84.1,88. 11, 48.
vir, 111111. 11. 11., 111

011811 1, 44. viii, 84. ir, 48

&adamam-w. 1188. 1118. 8.
18. 11, 48. 1, 88. 88. 11888188.
88.1111,81.11,48.188. 188. 111,

0118111188. 1188. 1111111111.
881 11, 001 lii, w

01181111 xil, 88

011811111111.88

1111111111

’111111

01181 118. xii, 88
Credibile 11, 88
credideram 148. 11188

’ Crediderim 1, 88

0118181111 11, 11

Crediderim 111, 18

Credidimus 11, 48

emdidimunquesrr

01181811 11, 18. 111, 48. 118

credimus 11, 11. 81. 1,1. 11188 ’

cadius 84. 11, 18. 88. 41. 88. 111, 88.
11, 161 V, 88· 11141 ⁸⁴0 811, 011 ω·
1111, 151 11, ”affl-9⁶· Ι, ⁸· 31. 811
8111. Μ· 31110148· 861 Siluo- ⁸⁸

effidit 1, „r 111, 151 11, 6,· ἶ, ³⁶· 111,
48. 111, 188

crediturae

Credite 88. 18

Creditis ii, 4. 48

01181111114

0111111111 11, 18

Creditur S 81. 111, 48. 11, 81

Credo 818. 1118. 11118. 1188. 188.
091011 11,οο 111, ⁰· ¹, ⁶1· 11, uo
m. 11148

ereduntur 1,1

01181111 111, 81

Cremona mirem 1111, 88

01111181 111, 11

crepant 111

0111111111 111111 11111111 11188 merser
11, 81

0118111111 digiti 111, 88

1311111111. ix, 11

011ρί811111] 111, 84

011ρ111111811111111 11, 81

Crepitu 111, 118

crepuit 11118

8111111188

ematque i, 188

01111111111118111 11, 88

0111111111 pupilla 111, 188

ementibus 111111, 88

01111111111, 81. 111111. 1188

0111111 111144. xiii, 41. 111, 818

0111111118 8. 1111, 88

01111 11, 8 11111111 viii, 88

01111 111111, 81

01111 111111 vi, 88 puni 111, 88

eren 18111111 1111, 188

0111111 1111111111, 41

ctetica 111, 88

011111111111

(311111111118

011111188

011111 1, 8. 1188. 1111, 88

Crimen 11118111, 88

crimenque 11, 88

criminas 7. ri, 18

 

