110 mmmm.

11, 08 colori· 1880111818 11, 70

Malim 01111 111, 00

1111111111 pauperum 110, 00

Mnfigniomm 11, 87

01111μο 111, 80

Maligniutqm 11, 00

11111111 igue ,1. 00

Maligna vii, 00

0181131011 1, 88 110811Νο 818

011Ιὶ1111 111, 70

0011111 11, 08

011111 regni· 11, 100 0110011011 1110

Matinium 1110

Mum 11, 00. 08

0111111111 111, 07 ,

01111111 11, 0. 11, 18181, 10

0111111 1, 88

0111111 1111, 01. 11, 101100. 11,00

Malo 11,,01. 71. 111, 88. 80. 11, 00. 11,
0001. 11100. 11110. 110000. 111,
1111111111 1011111111

morum 111, 80 pumma 111, 00

011111 11, 00

0111111 nomentum 1110111 1, 88

0111111111 11188

Mami: 111, 8. 1111, 100. 1110

Muri· 1111Ιί011 111, 80

0111111 viii, 70. 11, 0

0111111 18, 00 :ujus iii, 80

111111 11, 1. 11, 17. vi, 00. vii, 80. 111,
8011111188 po& 1180. 1108

Mamerco 11, 88

Mammas v, 08

Mamertina 1110111 xii, 117

Mamertinum 1111, 117

Mamillare 111, 00

01111111 11111111 i. 101

01111111 pamm 111, 70

Mammam 1, 101

11311111 1, 101. 11, 87. 111,οθ {m

0111111111 111, 08

ummo-nm 81111111 11, 00

Mammam xiv, 180

0111110111 1, 08

Manum 11,00.1,8

Mffldm i,u· 181101

0111111111 11, 87

0111011111 111, 08

0111011 1, 87

0111081111 11, 80

0111010111οι ix, 80

01110111 1,108

01110111 1111, 00

Mando 1, 80. 111, 01. 11100

01010111111311 vii, 08

Mandri· 111, 70

Mune 1, 00 vagum 111, 00

une·- 1,88
wamma

01111011 1180. 07 0111011·11,Ἇ dup-
mmqm 1011111111010οϋ
111 111, 00 “

01111011111 iiia. 08

0111111111 11, 8. :im

1118111111 ἰ, 80

01111111 11, 00

01111111 1, 88

0111111111 v, 18 1110118811 11,·01

01111111 111, 80

Mammam 11,·00

11111111 1, 08 .

Mutilo 111, 00. 111188

0111111100. viii, 78 pm xiv, 108

01111881,10.11,80. 'Eum-'M
10. 11, 88. 00. 00. 11, 88. *MR
11, 70. 111, 80 ugus: 111, 80 Au·
ι1111 11,οΙ 11111Ὦ,881111111811
’1101111 11, 80 fenim 80 10118111
1188 &mede- 1111, 80 ‘qunti
11,811111 ’1110811111111111088
0111111111 1101111111 poeuis 11188
miuus 11011111 1, 08 modu 10.·88
ΡΜ 'm' pfflu '3⁴¹ ψ·
111100 111181,·00 mhi, ll
1111101111 1, 08 simplum 01888
mih xivfflfi nme· 11, 08 01·
nen 1107111111 11, 78 101-11 11,
0 umque 800

01111111 11, 10. 111, 11. viii, fl. 101,

01111111 111,80

Manum 818. im. 1101. 11188181.

01111 1111,01(1111111111,88

Mum 101 101 ”¹ iffi· iifl* ὴῃιι
80. vi, 01. 111, 87. 08. 10111111.
81. 11, 1. 01. 1, tw. 111, 87. 111,
88.188.008.888 111111 1100 u·
11111887111111 1118 cult· v, 11
1101011101 1100 111101. firm
111, 80 111111 1111,οθ gelu 1,0
gemina 1,Ιο 11111101 111, 10 ng·
111 vi,l 11111111 11,1 11111810

 

