1111111

111181111ιὶ,8

Redde 1, 88. 184. tii, ¹. 8. 11111181.
48.11,81. 1, 81. 11, 81. 111, te xiii.
88. 111, 48. 181

Reddere 11, 48. 111, 18

1118811111,18

111881111 111, 47

Reddet 1188

11888817, ⁴²· 1111188

111881811111 111

Reddidit 1188. vii, 17. 111, 188

1118811111, 88. 111, 88. 111117. 88. 11,
181. xii, 88

111881111, 18. 1, 41

Redditus 8. 1, 8 temple 111 1

Redditur vii, 8. 1111, 18

Redditus 11, 18

Reddunturque 1, 81

11181111118

111811111117. 11, 88. 1,11. 11, 1

x 8181111118. 1,181

Redemi ii, 88

Retenta 11188 1181 11, 81

111811111111 111, 81

1118111111 11, 11

1110800 s ²⁶· lii, ω

1118111111,17. 1, 81. 1118

’ 111811181111111111,1

1118811111, 8171

Rediit S 88. iii, 14

11111111ιί1, 11. viti, tu

1118111118. 11, 71. 11, 11

1118111111 viii, 88

1118111111 111, 88

1118111111 11, 88

Min but Vi. „e vii, κ· ,1111ω1
78. 11, 1. t, 181. 111, 18. 88. 81

1118111111

1118111111 1111

1111111118

11181181,18. 111, 81

Μ1Υ11, „a ”a {pn-⁴⁸· 111108

1118111111, 48. 11, 18

1118111111 11, 8. rii, 11. xiv, 181

Μο18Ι1 111) ffi- 11, 8

1118111181 xiii. 18

11181111 11,4

Redniete 111, 88

Reducem xii, 81. 1,181 Deum 11118
111111 viii, 18

111811111111,78

1118111111, 71. 11, 81. 11, 8

· 11181111 Fortuna 111188

11181811, 18

11181111111

Reduci: 1, 71

11181111111111,18

11181111 vii, 17

Refer 111. 18

·· tttuttx· ·

Referunt 11118

&innittentem

111111υ1111,88

1111111111, 11

111111118111,81

11181118111111111111111 nmine 111,

111111111118 .

11111111 11181. 11,1

1111111111, 88. 1, 88

11111111,17.11,18. 11, 4. 41. 181

11111111,18.18.111,18. 18. 111118.
1.,11111. 1, 11. xi, 11. nati, 11

111881118111,18

11181111,17

Rene 1118

1118111 1, 88

1111111111 11, tt

1111131111ϋὶ, 11

11111 ’1 iii, 81
1111118111 11181 ’

Regu 111

1111111181. 11181. 1, 18

Regem m 111 me
{gementem 111. 1.,11 xm
1118 deden, 1111111111, 11
negt· 1111111111 viii, 18

Regum mittentesque· 111, 4
818111118188. 11,88. net
11111111 i, 188. tite 1,oe 1118111111

0111γηὶ 1810
11111 11111111117 1111811118
RegnumstaxAtAEtee-mmt 11111
1, 181 nmmum 1181 pm

ii¹⁸¹ mptum 11111111.

. 111181
. 111”1,18. 11118

11111, 18
1101811 111,184 1111111111 181 11111 iv,
48 Petili-ni· 111, 87
11111111 11, 87. 1,18 ,
Regni· 111
Regulo 1, 81. 111. ii, 81. 11118. v,

11111111118
Regula· 1, ln 11. n, 11. tv, 11 ede
1111111118
&a 1111111111 1,81 ·
attoniti· 111, 81 11111181 v, 18
11111111 1111
1111111111 mech· 11, 8
1111131111 118

 

