111 - 11111

Vm puih 1111 ’ 1111111, 11. xi, 81 m 11, 41
Veneno 11, 10 ,11111111 1111, 88 1110 8111111111, 18. 1, 48. 11141 liquidum
11111 0111111110 1111110 xiii, 118 111111111188
11118111111,11.1110.18 vm 1111111 111118
011111818101111 1111111111. 11, 81 pigno 111, 41 uduo
Venenud· 881111 11, 11 iimina 1118 111, 80 .
pullati· 111 nm 1111111111 1, 88 Vani· 188110 iusi 111110 nturi
1111818118 uncaque 11181 11180 814
Venerando nepos 11, 18 111111 111, 00 1111111111, 41
venerandus enm 11, 101 viam· 11, 01 Cydonis 1, 11 11111
Venetia& 1,18 111, 48
111111818111 11188111110
venemo 11, 80 1111111 111111
1111111111 1111111111 11, 11
venem 1111, 88. 11111 11111111,10.111,10.10
Ventus& 11110 · 111111111181
811111111101.110.1,10 Venus 88. 1,104. i, 84. 11, 18. va,
1111111111, 11. 1118 80. 111141. 1,18 11111118 mu
1111111141. 1100 11, 84. 11, 48. 1, 88 8111111111 1, 41
8111111111, 108. 1,8 1111111818 inuri. 11 1181 1111,
1111111ιὶ114 ι 1111111111,11ρ1081311111,011111·
11111111(11’1111)11,44. 1,1. 1118. 8111111118 1118111188
1111111111 bai· 1111 011111111111
1111111111, 8. 11114 Ver 11, 14 11111148
Venerunt 11118. 111111. 111118. 111 Vera ix, 180. 1,14 111111111181 fin
1111111118 11188 guffi- 1118. 1118 Om-
8111111111τὶ1 xiii, 88 1111111, 10 mentula 11188 mh·
Veneto 1,18. 111, 111 1118111, 14 111, 110 nobule· 111
Veni 1, 11. 11, 1. 18. 111, 8. 11. viii, 11. Vera simplicitate i, 40
80. 01. 1181. 11181. 81. 111188. Veto 1144 1111 1,10
· 111,οθ 1111111118. 11111
1711111111,81.11,18 18811181111144
1718111111, 80. 11, w. 11, 88. 111, ω verb· 11, 18. 1, 18. 18. 80. 11, 84. 88.
νεπ1111111, w 11111. 11. 11, 10. 111, 11. 111, m
11111111. 111, 11. 1, 80. 11, 81 1111111188 tuentii, 48 grundis 11
1111111118. 111, 81 00. 11, 18 1111111110 inundauit,
111111811111 801110110111111111,ωω8811
νὼ,,“1111,1“ι81” ”vmwmmpoe
11181110. 111, 4. 88. 111, 111. 118 1111181810.·11,186181111,18 1111111
8111111111, 108. 11, 10. 11148 1104
8111011, 18. 11114. 111188 11181111 11181
Venire 1, 118. 1, 1. 84. 11, 1. 11, 1. 111, verberatus 11101
n 811111111181 1181111111
veni· 11, 44. 84. 1141. 1111, 11. 81. 1111111111 111, 81 -
ι81ι1, ² ⁴ vuum ix, ω
Veni· 111111 111, 11 1111111118111 1,4 1111811110. iii, 1. 1180. 11111 111-
111111111181. 1111101 tisim innitimini-uiumin-
venissent 1, 81 minii, 11 priusnos ι, 18
1111111118. 1,0 Verbum 1141 11111111, 111
vnit s ⁸! ¹1„ “a ²²0 oet 111, ω vastum ι’ ¹¹
11111(11111ο)11,88 11111184
Venite 1118 Vumdmitim 1810
venitin 1, 48. 11 Voemdoomiim
Veniunt viii, 11 vando 11ρί1111114 neuim 11111
1111111111, 181 1118111181 Veri 1,10. 1180
1118111111, 81. 1,11. 111, 10 1111181111 11111111, 1
1111111104 - veridicam, 11
vento 1111111 1, 81 11111, 10 111111111180 ·
11110111, 10 - 1111111180. 00. 1111, 111 .

ventosque 1180 virimmimiccicapuu· 1, ,11

 

