11 1111111111. xcix

11111111 vi, 81 Nomen 1, 87. 188. 118. 11, 81. ’111, 11.
11011111 11, 78 88. 11, 88. 87. 1, 78. 11, ω. 111, 88
1111111187. 11184, 11,88. 1,88. 1, 77. . viii, 88.88.81.11,18. 14. 48. 81.
111, 181 1111111111 1111111111, 81 188. 1, 78. 188. 11, 8. 111118. 71.
1111111 1, 888 . 78117.111,87.1781111111111111,8
Nocentes S 1 1111111111, 87 8111111111 1111111811
Nooere 1, 78 1111111811. grande, ibid. 1111111 11,
Nocet ii, 88. 11, 88. 11, 188. 111, 88 81 impositum, ibid. junctum cognato
1111111118. 1148. 11118. 111181. 11111111111, 14 lacedomoniam iv,
11, 88. 1,88.11,88.88.181. 11188. 18 1111111111811111111181 mollo
87 111111111188 jubente 11, 88 me· 11, 18 1111111111 11111 11111111, ibid.
111111. viii, 1. x, 11 11111111 1111111, 11 111111 11111111
primo 1111, 44. 11, 88 1111 1111, 78 nu· 1111111111, 88 promissum 11, 8 votnm
1 1, 81 1111 11,88. 88. 111, 18. 11,811 victorum 1, 88
nno 1187 Ν1111111111111,88
1111111111, 88 8111111 1, 187 Nomenque 1, 188. 118
Noetu 111, 84 111111 per jocondo po· 11111111111811,11 8181111181118
1111 11, 181 Nomentana osbore 1, 84 lagena x,
1111111111 oo
1111111111,1111818,1 1111111111 11, 88. 111, 88 torio 11,
11118811111111,88 48
Νο1111181111,87 Ν1111111111111111,188 nouzon· 1111,
8111111184 18
111111111188 Nomentano 11, 81
Ν1111111,188 1111111111111111111 1111118
Nocturna limina 1, 18 pugioni, 17 Nomoninnongerii,88·
1111888 1111181111ιί187
Noomin 0111111111 11, 88 1111111111111, 18
1111111111 neo 111, 18 11111111 111, 88. 41. 111188. 11118111,
Nocturnum 11111, 88 78. 118. 188 1181111118 1111-
Ν11111111 1, 78 sion 111, 18 (limo 1111, 88 dorion
1111111118. 11,88. 11188 11, 88 in 11111 11,8 mgna v, 17
Ν1818118111111,18 81]11111111,188 1111111111 1111111111 novo
111111 v, 17 111, 88 pulcherrima 111, 88 1111111
Nodum S 8 11, 88 111111 11, 1 ven 111, 178 vio·
Nolenie 1,18 1111111111
Nolentem 11, 48 Ν1111118111,78
11111111 111188 Ν1111111111,88
11111188. 11181. 11,88. 11,18. 1,88. Ν11111111,8.88.111,1.84. 1,18.81.
1118 111, 18. 11, 17. 88 ipso ι, 78 (11111
Nolim 1, 88. 11, 88. 111118. 11, 18 111, 88 1111111111,11 toodigno mo·
Nolis 11, 88. 11181. 1111, 11. 11, 88. 88. nom 11, 78 111111, 8 vero vi, 88
- 11188 Ν11111111111111111, 88
11111118 1111111111, 11. 11187. 1188
Nolito 111. 11, 71. 111, 78 Ν1111111111 11188
Ν111111111,48 Non 18111111, 11111111 noim oqooo 1,
Nolle 1, 88 18 nimio rusticulum 1111111111 1, 18
Nollem 11, 88. 78 Nono 11, 8. 11118
111111111,78. 1111, 88 Nono trieteride 1, 88
11010 l, 91 ⁶0· ll, ¹⁸· ⁴9· ⁸⁰· 111, ⁴⁶· 551 Nom ¹798
1, 48. 88. 11, 18. 11111. 1, 8. 88. Nondum 1, 48
11, 87. 188. 111, 87. 88. 87. 1111, Νο111111111111,,47
88. 111,1 Nonnihil 111 111, 71
1111111111 11188 Ν11111111, 48
111111111111, 14 Ν111111111,87
1111111118,11.181,11 Non 1111111188
Noluit 1, 78 Νο1111,18. 111,18
11111111, 188 Norbano 11, 88
111118111178 1111111111, 88 Narbona 11111 111, 71

 

