111 mmm.

10081 1, 87. 11, 4. 1188. 11174. 1111,
81. 11, 87. 1, 18. 184.11,78.111,48.
88. 111188

108818 turb· i, 81 ·

1088111441 11115

1088101 111, 88

100810011178. 11, 88

1018011181108 114. 11188. 111,

10881118 iii, 87. 11188. 11, 88

vocaverit 111, 88

1118811188

1011811111, 78. 147. 1, 67

10081136· 11111108 1111, fl· 658 111,·
18. 1,8.8. 11184 certa comi-que
1181 cem xiv, 78 ingenti 11148.
1118. 11117 magna 11, 18. 88 18888
’11118 rigida 111, 88 tummim viii,
78 801111, 87 tristi 118

vocem 11, 3118 6118 111, u· ἶ, ffio 8157
1111101810 11178

1008101118 vi, 88

10881111181. 184 Ι

100881181. 111111. 1, 88. 11, 88

1008811181188

1018111111

1001111118

10011111 blandis 11, 88. 111, 88 18111011
11, 48 uui· 11 88

10818 blanda 1181

voco 1, 87

100001 111, 88

vocor ii, 88. iii, 88. 1114188

1018811 1111, 78

1101811118

1018111810 culicem 111188

10181188 1111881811, 18

volantque vii, 48

10181111, 14. 11, 88

volatu pmipifi 11, 81

1010811817

1018118111 1188. 11178 11, 18. 81

10181181 vi, 78. 11118

1018111 1184 ·

101881881148

10188 1, 114. 178. 11, 7. 88. 111181.
1117

101818111188118

1011181814 “

’ 1818811111184 . · ,

1018 1,8.88. 118. 11, 48. 111, 48. 1181.
w· '1⁸⁸⁹ 'ku-⁸²· ihm· 35⁶⁰·
11 18. 88. 184. 111, 87. 48. 48. 88.

volsella 0181118 1188

Volucrem 1111, 87 padum S 18

101110181187 118108111148

volueri· 08118 111178

Volucrum 1, 88. xiv, 818

’011111

1011811181 801018111, 78

101111 11218 11218 71, ⁴⁰· 1&ss

101111181188

101111881818

1011111 1, 188. 11, 18. 1, 88 1118. 1111,
688 ix, ⁴⁴· Ι, 158 31182

volumen 8181111111 1, 78

Volumina 111 88

Volunt viii, 81

voluptas 8181118 184

1018811118,18

1011118 11, 88. 11, 88

10111011 111, 87

1011111111 1188

10788181. 88. 111 77. 81, 11. 8,

10181 11, 81. 111, 87

101818 manca 1, 18

10181111,87.111184 ·

1011111187

vot· 1, 88188. 11, 48. 11, 88. 88. 111,
47. viii, 4. 88. 11, 48. 88. 111, 4881.
111, 18 cem 1118 debita 11, 88 im·
1110118111 111180181188 11181178
publica 188 18181188 1811111,

101111, 48 8011111 novique 11, 77

Votieni 110011 1111. n

10111 11, 47. 111, 7. 88. 11, 88. 81. 1,
818 81, ⁸6 ptfibu! 1101018 1111, 1, ΡΜ·
08811881 1118

1010111111 11, 48. 41. 88

Votum 11, 88. 111, 81

101811, 88. ix, 8841

101188. 111188. 1111, 48. 1, 8 ocle-
11181ιέ 11188 ‹firm-sa [1118181187
0111111 1118

1118118188

Urbana 0118118

urb-nn 1038111111

Usum 11188 111, 78

urbani 1818811181

1111181111 08181181, 88

Urbano iii, 88 jugo 8810118 00118 118
18808110 1, 87

1188888148

11111888.8.4. 184. 87. 1111. 111,
1⁶· δ’· ⁶⁸· Quom· ⁸⁶0 1, ω· 'i'
ω· 711, ⁰0⁸⁴· 1111, 818 σι. il, 190188
1, 78. 1118. 111 8. 87 8018188111 1.
11, 88 exigua xiii, 118 18118 1118.

· 1,88.111,88.88Ρ18118111,88 1018 ’
111, 18. xii, 88 1181118118

1111011811, ⁶· 17, ‘n 111,ὖ18 7111,111 “a
1, 8. 11188 1018111 11, 71 11818881
11117

Urba 11, 4. 117 Argivus iv, 88 181188
11881181οα 11, 87 8118008181 z,
88 8108018818, 84

 

