11111

111 11111111 11, 88 Rhodopeius 88

, 1111181

88188. 1,1.17.88. 11881881

castor 1111811111]υὼ 11 legum 1, 111,87.11.81.88

camisias 1111111181

01111111 111, 81. 11, 88

0111111 11111111 11, 77

0111111111, 118 11111188

culm i, m· 78188181. w· Χ, w· ⁵⁰0
11188. 111, 141 11111 111, 18

011111 Tyrion 11, 88

culum 1, 88. 11, 88. 11, 87. 11, 18

011111, 88. 111, 71. 11, 81 1111111 111, 88
1111111111, 88

011818

0111111111, 8. 81

01111111 pulvere 111, 111

01111118

cunnum 11, 88

01111111, 41. 1, 88. 11,78. 1118 111·
vivi· 11, 8

0111111111 11, 88

cmm s 81 Vi2w· 131 ω mimum
1111 11111. 11, 11

cuncto· 111, 18

eumin 187

cuniculus 111188

01111111, 88

0111111178. 1188 1111 11, 88 111111
111, 18 1111111 11, 48

011111111ςί1 111, 88. 111, 88

0111111111 11, 18

011111Ιί1 1111111111, 88

canni-saiada 11,8

011111 111, 74. 87 1111 11, 84 11111111
111, 17

0111111 1118 geminos 1, 81 11111111 11,

0111111111 178. 1181. 11188. 111, 87.
11, 88. 11, 17 11111111 1, 88

011111 111, 18. 1, 88. 1178 gntus 111,
81 1111111188

Cuperem 11, 88. 111, 188

01111111 1, 88

8111111188

Caperei 1111, 78. 1, 81. 111, 78

0111111111, 87 ’

0111111111, 88. 111, 18. 111, 8

0111111, 87. 11, 88. 111, 18. 111, 817

cupiat 111, 1818

Cupidus 11111111 11, 88

Cupidinei hbyoe 111, 87

Cupidinesque 11, 18. 1118

01ρί11111, 87 parve 11, 18

cupido 1111111 11, 78

cupidum ’1111111 1111, 81

01111111 111, 18

0111111188

cuph 11 ⁸· ⁴· ffl- ἢ 25· 88. iv, 61 n·
1, 78. vi, 88. 111, 88. 1888. 71. 11,

011ρί1111 178. 111, 81

Cupit 1, 11. 118117. 111. 1181. 88.
ω. 111111· ¹1⁸· ὥρη· liv, 1881

Cupiunt 1, 88

gamem 1111111111 11, 78 1111 vi, 18
111188

01111, 118. 11, 8. 1,8188. 81. 1188.
11188111188111111111188 dulcis·
11111 viii, 77 tatium 1,8 mutu·
nostri 1, 88 11111111 11, 88

11111,11.11.1111111111,11 11111111·Ι
111118

0111111111, 18

0111111188

Curandum 1171

0111111 11, 88

0111111111, 77. 11, 88. 1188

1, 88 nascente·
1,811111111,8 1111111111, 188

0111111,18

01111111 11, 81

Curiatius iv, 88

0111111181. 11188 1111111 11, 18 .

011111 1, 88. 111, 88. 11, 88 gaves μ,

0111111111 11, 88

011111111811 111, 88 uoluta 111 1, 17

011111 11, 184

011111, 81

011η81111,888

01111111, 87

0111111117

0111111,18.1,88.1111,87

01111111 1111111 111, 78

eumn iii, 11

ennete 118. 1118. 11188. 111111

0111111111, 18

01111111, 188

0111111 111,888

01111811 viii. 88. 1, 88

011111 111, 88. 1111, 11

0111111118. 1111. 1118888. 1, 81.
81.11,18.111,88

Currant 1188

Curru 1111111111 8 88 gemini 1111, 81

011111 11117 1111111811 111, 81

Cursorem 111, 188

01111111,18.111,881111111,181

01111111 1118

0111111111111111, 87 11111111 1, 18

Cumque 11111 111, 88

Curtios 1, 88

curto 111111 111, 88

01111111 11111 1, 88

01111111111 111, 881

Cum 111111 11, 88

01111111181 111 “

 

