11. m. 1111111111 111111.1.11. vm. 1311

11111111111111111111111111111111 bn· 11111 1111111111 01111111 uige-
·futumm‚ 11 11 1111111111111111,11 11111111.
1111 1111111111. 1111. 11 me! 1111111111, 11111·
1 Em 11] 111 11111111 11111- sito.
1111111. 11 11111111] Dum 1111111111
1111111111111111111111. 1111 11111 11111111, 11 1111111111
111111111111111111 1111111111 11111111· 111 rogum 111 111111111111111.
11111111. Eas 1111111111, 1111111111 salig. 111 (1111111111111111)111·1
11111111111111,11111111111111111 Τ1111111111111111. 111111. 11. lib.
1111111 1111111111 01111111111111 lo.
1111111111111, 11 11 111111 11111. 11 1111111...1111111]11 1111111111
um, 1111 figam 11111111111111111- 1111111 1111111.
brim 1111111. Ι1111111111 1111111 11111111. Celebnt 1111111111 1 ’
11111 1111111 distingunt 1 11111111. 1111111 Ρ. 11111111, 1111111111 11111111-
111111. 11111111 1111111111, 11 1111 11111
1 1111111111,11111] 1111111111 1111111111 111111 naeu-mmm
11111. 0111111111111111111111· 1111111111.
1111111 uxorum, 1111111 1111 1111111· 1 1111111111 1111111, em] 8111111, inqu·
1111,11111111111111111111,111111111111111 81111.
1111 1111111, 111111111111111111 1 11111111111111111111111
111111 1111111111 1111111111 monbec·- 11111 111111. 1 ’1111111111 1111111111
111. 11111111 isse· 1111111111111,1111111111
11111111111111111111111ΛΛ11 111111 1111111111.11111111111111
1111 1111111111111111111111111. 1111 11111 1111111. 11111111 1111111.
1111111111 1111 111111 1111111111 11. 1111. 1. 11111111. 11. lib. 11
1111111111 111111111111.11111111- 1111111111111111]1.111111111-
11111111 111111,·.Ρ1111111 111111.111111111111,11111111111111111
nm. 1111. 1111111111 111111 111111 colun 11111111 uu] 1111111111
1111111111, 1111 1111111111 11111111 111111111111111111111111111111111111
111111 1111111111. 11111111111111111111111111111·
11111 1111111] (1111111111. Epi. 1111111.11111111111111111111111.
111111.11.111.ι.111.1.1111]11,. 11. 111. 1111111111. 11. 11111. 111.
111111. 11111.

1111Ρ1111111,11.] 1111111111 111- 1 11111111] 1111111111 111111 11
111111 111111. 11111111.11111111111111]1.1111111

1011111111]Ε1.π.,1111.1111,1111,1111111111111. vide Epignm-
1. ν 11.111.1...111111“1111111111]Β1111

1111111111· 11111111111]Ε1111.11.1111111111,111111111111111111111111
111.11111.1.11111111111]1111111, 111111111111111.
inquunt, 11 judiees 1111111111 11111- 1 Ovum-..Cum 1111] 1111111·
1111 1111111111 1111111111 tria 11111 11 1111111· 1111 11111 ι11111111111111-
1. 1111111, 1111111111, id 111, 11111111 vivii 1111111 11111 1111 1111111111
1111111111. 1.ο.11111113111.1111111 1111111111 1111111111111111
1111111111111111, 1111 0111111111 011111111111111111111111111111,
111111111111111111. 1111111, 1111111. ,

1111111111, 1111111111] Horu, 1111111111] 11111111111111111.
1111111111111111111111. 1111111111. Em. 11111. 11111111 111111]
11. 11111. 1111111111 1111111111, 1111111 ju.

ll 0111111111] 9111111111, 1111· 111111,11111111111111 1111 11 1111.

 

