1111111

1111111111 188
811111 111, 188 celica 111 Ν
11111, 88
8111111111 1, 0
811111111111 vi, 10
Symmachus 111, 18
Symplegade 1111111111 011
Symplegmate 111, 48
:uptam 1, 88
Synthesibus xiv, 1 1111111111 11, 46
8111111111, 18. 88. 1, 18. 111, 141
Syn 11311111, 18
8111 grandes vii, 88
81111 1, 18
Syrio· tumores iv, 18
Sym· longum 111 08
syrmate 111111 11, 19
81111 11, 8
81111111 1,10
Syrorum 1,18
Syru· canusinatus 11, 08

Τ.

1111181

matun. 111. 11181

1111111 111, 18

1111111118. 11108

11111180. alum· 180. 11118.
118. 111811

1111111, 81

111111181188 imagine 11, 18 111-
11 111, 818

11111111 domam 11, 88

1111111111 1111111118

1111111 vin 111, 88

Taciti 11111111 111, 41

Tacito 11111 1, 10

1111111 dolos 111,οῙ

1111111111818111111,881111111181

111111111 111111 xiii, 11

1111111 11, 04

11111 111, 101

111111 11111 ii, 80

Tutum 1, 81

11111111 148

11111 1111111118

1181111108

1111111181. 1114. 1110 111111 111,

1111111111 81

Tabana 111, 0. 1, 88 1111811111ιί1, 1111111118
108 11111111, 10 1111111184 1111- 1151188 11111111 1118 1111181118

111 111, 188
Tuben: 111111 1, 110

pinensi 1, 18
Tago 11111 1, 60

11811111 11111. 111111. 11118188 11111111111111108

multiplice· 11, 81 1111111118
11111111 8111181118
11118111 Ι, 118 811111811101
1111111111 118. 11101
111111118111111111114
Tabam 11180
11111111 1111111110
’11111111 iv, ¹⁸· 11183
1181111111111111, 11
1111111111. 1, 80. 11108

'fabulamque 11, 18

118111111180 111111111188
118111111180
11811111111111111,88. 1168
1111 ii, 01. 11118. 188- 1,101
· 111111111188

111111111118

111111111818
1111111108. 11, 80. 11108
11111188
1111111111. 188
1111111 11118. 11180
1111111111 11181
1111111180. 11118
1111111108
1111111111111111,01
1111111111 1111111111, 81
11111188. 11110

113111111188 1111111111,88

1111111188 qui 11111 1111111111 othe
111118

1111818. 111180 811111111188

1111111401 1111, 88

11111181. 1, 88.00

1111810 111111111Λ111181111118
ebore 11114

11111 i, 41. 1118. 1,8. 11, 88. 111,
14. 111188. 1116. 1,88.88. nit,
88 noum 11, 0 1111111 xil. 14
11111180

111181111111 1111111181

111111111188

1111110. 1118. 1,1848. 11, 10.
11188. 111101. 181. 11, 1. 111,
w. 111108. 111,18.68.11

Taliter 1,1

1111811111 iv, 86 1111111111» xiim

Tfflffvi'iuu

11111 compotita· 111, 18

1111111118

1111111811111111118

11111111, 11

11111110

1111111188

1111111111, 18

 

