111111

Tuum 11. 00
Tum 11110111 111, 10

’1111111 111111, 1

1111011111 11, 00

Tutior i, 10. 1, 00. 1,10. 111, 10 hou·
pes 1111, 10

Tutum 11, 00

Tutus iii, 01. 11, 10. 11, 00 11011111

Tuum 0 11

nm 1, 00

Τ1111111111, 100. 111 00

’11111111ΡοΙωί ix, 11

111111111311111 11, 00

11111111011111, 10

'Pylio 111, 100

Tyriam 10111111 111100

Tyrianthina urbica 1, 01

Tyria 11111111 viii, 10. 11, 00

Tyriaque iv, 00

’1111111111111 1100

Tyrius 11111111 1, 01

Tyron 1100

Tyron 11111111 1, 10 Cadmea 1111

0.

οω1111 1, 00

01110111,οθ ,

0111011111, 00. 01. 01. 11, 100. 11111

0111111 111100

011111 11, 11. 1, 00. 1111, 00

011111111, 1

01111110

01111 111, 00. 111, 1. 00. 11, 0. 1, 11.
11, 1

01101 111, 100

vacent 1, 1

0111111 1111, 00. 11, 00. 71. 111, 00

011111 111111 11, 10 11111 11, 01

Vnum Lygdon 11. 00

0111111 110

0111111 11111111 111, 10

0111111110 -

1111111111, 0 1111011111, 0

01111101101, 11 dente 1, 01 1111 1,

0111111, 00 111111, 00 111111 11111

011111 11, 1

Vde 1. no 011141 ΠΙ, lu

0111111111 1111, 07. 111, 100

01011 11, 00. 11, 00. 11, 00 0111111110

⁶⁶

01 11, 00. 11, 00. 1, 00

0111111, 01

01111 111111. 01. 111, 00

0111 111111 viii, 00

013ωῇ111111 11, 00

01111111 11 00

11111113

01111111,οὄ

0111111107

01μ111 11, 00

01111111

0111111111 fotum 111. 00

vagia-minante· 11 01

Vngin gressibus 11, 07

vagitibus 1111111, 11

vagitu 110

Vagus capillos 11, 00 1111111111,οΙ

vagumque 111, 10 mane 111, 00

vagu· 1, 1. iv, 11. v, 11. 11. vi, 1111.
11100. 100 1111111101 Dm
11, 11 11111111, 10 pmii, 00

01111 iii, 11

νὼ 'yw- 115⁸· ¹21⁰⁴0 zi, loeo ὦ,

0111111 110. 11, 01. 11, 00. 00

0111011 11, 00. 1110. 111100

0111111110. 111100. 1,00. 11110

011111 1110

0111111111

Valet 1101. 11110. 111100

011111 111, 1. 11, 07

010111111100 0111111,10 1111100

0111111,1111111“111,00

0111 ludibria 1, 0

0111111, 00 11111110

011111111100 011111111170. 101

0111110111 111, 00 nomino 11, 11 111-
1111 11, 100

0111111111 honoro 11, 00

01111 fumo· iv, 0 1101111 ι, 00

01111 labor i, 00

vapore 111, 01. vm, 00 arido 11, 00
lento 1,.70

11111111 vim( xm
0111111111 11, 11

. vudum 111111

0111111011 11100 1111111111 opu 1,

0111111 111ομ 11, 00

vuiomvpl dm 0114, ὼ ω·
:¹⁰10 110 1110111000 upon 11,

01111111 1111 111 111, 01

Vario· 1111111 11, 10 discum· 10, ³0
1101111110 11111111, 00

0111111 nim! 11, 01

01111 {alicunde 1, 00

0111111110

0111 Amin 111, 00 pauet 11,10

0111111111ὓο ’

011111 1111111 1, 00

 

