l 111111

Faciem 1181. 1118181. 88. 11188. Catulli v, 88 chaonia 1148 AEli·
188. 11188 calvam 11114 formo· 1111111181 Μ11111111111, 188Ρ18118111
11111 1118 111,1811111111881,111 8111111 111

Facient 1118. 148 48.

Facies 114. 1, 1841118. 1181. 111, Facundia 111118.

18. 11. 18. 88. 8811. 1, 11. 111, 88. 811111111188. 1181 1181184 Plinio
81 11811118 grau 11188 11118118- 118
18 11, 88 Facundos 1811111 11148

Faciet 11148. 11148. 118. 1118. 118118118181111118
11118. 111, 88. 18 11181 11, 4. 111114. 1481188. 111,

Facile 118. 11188. 1188. 111148. 88
111, 188. Faenius l, 118111

1188811818 8111118111 11181 1, 81. 184

Faciles aquas g 88 Del 1, 184. 1118 F 1111118111 1148

1111111118 1148 puello 11188 Face 1118. 11, 18 indocta 11, 18 111·

11811111118818881181118 1184 1811111184
prelio 1, 88 1111111818 111181111118111118181111111 118

facilis 1188 11141 8111118111 141 1111111111,11.1111,88.1188. 111, 1111
gallim xiii. 88 1181111111, 88 uum 111818,118111118,11. 188 munla
v, 11 xiii. 111 1111118188

8181111181184.111,88 Falerni 184. 188 diluti 1181 nigri

11811111 1, 48. 188. 11, 81 xi, 8. 88

Facinus 181. ii, 88. 111, 18. 88. x, 88. 1118118111 11 8111118 vj, 81 1111181111 111,
11 18. 81 111311111188 14. 111, 118 1111111118111118 111,

Fuci· 1, 8. 41. 88. 11, 1. 8. 1811. 111, 81 vetulo 1, 18. 111111. 1188
8888. 11, 1. 48. 41. 1, 88. 1188. Falernum 11811118. 111111 111·
88. 111, 8. 8188. 88. 188. 111118. 111η11811,84.11,88188111811111111,
8811.11,11.11.1,18.14.81.88. 188
88. 11, 81. 111, 4. 81. 48 8111181188118 11, 48

Ftc' ue 1184 81111114

1118111811. 1, 18. U. 8888. 11, 11. 18. 1111111 1, 184. 18111. 1118 nullm v.
iii, 81. 1111. v, 88. 88. 18. 11, 48. 4811181111 1188 1111111188 n.
11111. 84. 111181. 88. 11, 41. 88. x, clm 1188 11118188 vinu 1188
4188. 11181881. 1118188. 111118111184
11111118· {ivplssvssoetlu Fflllm V, u· Vl, θ. 'ili' ⁴8· lu.

Faeitque 1111, 88 14

1181111111 18. 11118. 1, 88. 11411111, Falleris 11188. 1118
4. 1111. 14188. 1188. 111, 8111111288
m Fallit 11, 88. 111, 48. 11, 48

1181181181.. 1, 44. 1188. 8118. 11, Fallit 1111, 81
48. 1118. 11181. 11114111. 11, Fallitur 1, 88. 111, 818
188. 181. 118118. 1111181. 111, falliturque 11, 18
1188818111 de 1111111 xiii, 81 111811 1111811811 11141
81γ11111111181111111 1114 11111 cruce 81 imagine 11, 88

heum 188. 1188 Falsaque 11184

raeti 111, 88. 11, 84 111111181111111 111, 88

Mo opere 111, 88 F 1111 81 em 111, 84

81111811, 18. 111, 11. 88. 11, 81. 1, 44. 1111118118. 1, 88. 888118. 11181.
11188. 1111, 84. x, 11. 11, 88 88.1,18.88.11,84.111.8.18.1111

111181181111111111 Ml· 11111. 11111111. 11118,
1181811188 11184. 188188. 88 811111111118181111 11141811.
11188 lma 11188 1111111118 nigra 11

Facunda 0818181 188 mim it. 111 i, 118 188114111181 ven 111
18 88 11811111 1, 18

racundo 11111 111, 88 1111111141 sciente 111188

11181148 1111111111 11181 minister 111, 11111181,88.1188.88.68.11118.81.
14 88111818 111118 1181111181 8811111188 [18.

Facundi 11148 amici 111188. 118. 1111111 111, 18

 

 

