11( mmmm.

04114011140140 11114 018100 1174

(14110141188

04010130 11140Ι

04111004 11188 ·

00101440 1, 88

041011 1188

04100014101 1188

04110 0010410 188 Melanthione 1,

0411114178

0411404 1, 188. 1188

Calydone 181014 11, 48

0410800104 404 1118

04011104 1188 0440110104 188·

0414111114 10114014 118

04014410 11, 48

&mm 1111, 88

0410004100 1147

cmm 118. 01188· “

04100ῗὶ4 11, 14 doctis 11188 noctur·
014 4, 88 · “

0401001 h, 78. 77

campani 10114 11, 81 1004111 1111101

0401114110 Lym 1111118 10010118

0411101 1111100· 111, 81 1411111, 88

cupi· Myrinis 11, 48 .

cumpo Elysio 11188

0400111141.. 1, 74 Pontinos 1111
118 41011144 1. 188

04140111 140410 041141 1, 88 ’

xix

0408180111, 48 041000411188 1100114Ι
1118

0408101010 11188. 111188 0110110104
11188 ’ ’

0408181010 40110 171

Candido 10110 vi, 88 ‚³

011111.. ii, 11. 1.,1. 01. 0111 arm}
01411188 11010111 lector 111, 88,

0411011110 .

0400 1, 81. 88. 11111 1041100 114,81’

040084188

canem 111, 88. 1, 44. 11,88“ 1014100111
11188 · “’ ’

040001111188

0000101 :M , ⁴

04004 11, 88. 74. 11188. 1188. 1111,
88 10041, 87 , · ’

040111,88.111.88’“ ’

0401 00001 11, 88

0401 Dulichio 1188 ,

0411100οι pellem 1,88

0001110480οω 1,8

04111014 11411801 11104

04010 1, 88

0401414, 88. 1188. 11148 (141801
11147 ’1018101 184 ’“’

00014 vangas 111, 888

04014 1110104·111, 88 ’

000111 ’ ’

0401111110 (4801401011 111, 84

0400041188. 1, 88. 1,8. 11114 canius 11188. 11187·

4400111147
04041187. 11187 8418411811 14-
81011,881130411411,87 10440110,

040044 1118
cnm 11, 8. 88
eno 00000 11, 84

88 1110114111, 88 nympha 1148 110110 0401480114 411, 17

11177 partisque 00104 11, 88 400014
111188 1100411188

040400 101001414 1181

0400101101 1, 71

041401 187

canant 1188

040400011818. 11, 48 818014118
jun 118

04040 111188

enchiridia 1, 71 ·

04001010οω14 1, 88

cadet· 111, 48

&adel-bro 11144

0401014810οι 0011018100·111,48 lig·
00001 111, 44 ’

candela 111,48

cndid- 1188. 1148 Concordia 11,
18 crystalla 111177. 1,18 Lyg-

04014014 Pollione 11, 81

0401410 11118. 118

04011101 11188 1 ·
0401144888. 117. 1, 18. 1111, 48
enatasti 188

cmm 11, 01

0401414 11114. 11, 88
040044414044111,·188 .
04014401 cycnus 1111, 77

ematque 11181 ’

cmm 111, 88

0411401 11188. 1188

0401114144 11, 11. 1148

0401804 xiv, 188

0401104 11188

cmo xii, 40

000101 viii, 81

00010 111, 818

41041118 001 111148 Rom 1111, 040 ue chorosque Pierios 177

affl zryxiim 1011141118100114

0111114041,οι ω... 0140
0810011110 101410·

«0400111 188. 48. 88. iii, 48. 1, 8. 111188

0400100104 111, 81·
000001 1, 88. 11144
0410418 December 188 , ι

 

