xlii mmlx

1110110800 111, 11 111111 11, 81. 1,18. 11811 ’
Distinguunt il, 8 11018. 11, 84. 1, 18. 111, 88
1110111111οτ0 111, 81 11000001 1, 84
11101010ήο1 111181 Docebo 11, 88. 1188. 1118
111011110ῐὶ0 l, 18 11000010 8 11
1118101100 0000100 1111, 88 1100010 r, 88 ’
111110 11, 88. 118. xii, 88 Docet 11, 88. 1, 88. 11, 18
1110 iii, 11 10111010Ιο000 188 11001010 131001111181
Diuque ii, 48 11001111000101,18
Divo Paphi ix, 81 11001110 0110100 888
Divom 10110 lxm logohaiimo 101 Dor? 11Ι,11.010, 1811 camin· ,1,110
88 00 10118
111100000 bloolorqoo 0110οΙ00 11184 11001ορ0110100111.11,48
01101,00.1,00.10.00.00. 1100. 1100101ιο10
ix, 8. 1188. 81. xli. 88. 88. xlii, 8. Doulou 1010010 111, 88
41. 111, 188 010100118840011011, 0000011110 1,118
48 (101110801188 0101010101 ucello Docte Catullo 1111, 18 1101110 x, 18 80-
10000010 0000 ι, 88 1000011188 1010 xi, 81
lineo 111118 0100100 11, 18 popina 1100110110111111, 188. m 1010011011 11
1, 44 Ρο010011110 xil, 48 nodos 111100νί1181 801001011118 l'odo·
18 11101111 Secundi 1,88 Seneca 11,
11111401011111 48101101881110410101144 11111,
Dividere 111, Β 18 11011001 1111, 18
11111000 111, 11 Doothue 11, 11
1111100 xl, 88 11001101 111, m. 1, 88
11111010 0110 1, 18 1100110 01100010 111, 88
11111011 1128 noconimeonjux 1188
111110001188 11001100 11148
Divite 00140 xiii, ol Doolo Apollinari iv, 81 8010110011, 88
1111110111 888011υωί148 Severo 11, 81 pectore 1, 20, 11,·18
11111100 xli, 18 nomque 111, 88
1111111 010100 1, 18 Doctorum 111, 41 virorum 111, 181
0111101,14.11,10 110010011801100 11118
111νὶ110011,84.11,11.1111,88 1100100 1181. 111, 81 11010100 1, u
111118ηο01111,88. 1188 utroque 1101110118
Divitibus 1, 81. 11148 conio 118 Docoero 10, 14
1111111ἰο lv, 81. 1, 88. 111, 88 1100111000 l, 48
1111180011, 84. v, 88
8111101111 1000001811 olido vi, 88
Molorchi 11, 84 Tugl 1, 18
111νί800000 ἰ, 11
1110100111, 18 ,
Divom 01111. 011, m 1101001111, 11. 10, 81
nixa-moa l, 28 110Ιο110 111, 84
1111010111, 41. 111, 84. 1, 81. 11, 88. 11, 1101001 111, 88
11.88. 1111 Dolantur, 88 1110110148
111ιο111188. 118811. 11181 Dolore 1148
111101111188. 41. 11111. 018888 11010011, 48
1111000 1144 110101 1, 14. 84. 88. 11, 88. 1111, 88
Dixi 1, 88. iii, 1184. 11, 18. 48. 1,18. Dolori, 41. 11, 84. 11188, xi, 18
11, 88. 11, 88. 88. 01118 Dolorque 11, 88. 111, 118
11108000 ¹< 18 Dolore 1000 11, 88
Dixine 1,18. 11 Dolore· 10011 11, 18

, 111ιί0000 1188 11010110 i, 88. vii, 88. x, 41

11111011 11, 88 Dolo· 111, 18
811111,40.100.1,11.11,10.11 1111, Dolo· 1101101 11181

88. ir. 81. 8181. x. 88. 18. 11 8 8010000111,10.110,110
118801. m. 011010 101οο01111 ’ ’

 

